  0.00000000E+00  0.10000000E+01  0.00000000E+00
  0.24519418E-02  0.99999899E+00 -0.81731379E-03
  0.49038837E-02  0.99999601E+00 -0.16346276E-02
  0.73558255E-02  0.99999100E+00 -0.24519414E-02
  0.98077673E-02  0.99998397E+00 -0.32692552E-02
  0.12259709E-01  0.99997497E+00 -0.40865690E-02
  0.14711651E-01  0.99996394E+00 -0.49038827E-02
  0.17163593E-01  0.99995089E+00 -0.57211965E-02
  0.19615535E-01  0.99993587E+00 -0.65385103E-02
  0.22067476E-01  0.99991882E+00 -0.73558246E-02
  0.24519417E-01  0.99989980E+00 -0.81731379E-02
  0.26971359E-01  0.99987876E+00 -0.89904517E-02
  0.29423302E-01  0.99985570E+00 -0.98077655E-02
  0.31875242E-01  0.99983066E+00 -0.10625079E-01
  0.34327187E-01  0.99980360E+00 -0.11442393E-01
  0.36779128E-01  0.99977458E+00 -0.12259708E-01
  0.39231069E-01  0.99974346E+00 -0.13077021E-01
  0.41683007E-01  0.99971044E+00 -0.13894334E-01
  0.44134952E-01  0.99967533E+00 -0.14711649E-01
  0.46586893E-01  0.99963826E+00 -0.15528962E-01
  0.49038835E-01  0.99959922E+00 -0.16346276E-01
  0.51490780E-01  0.99955809E+00 -0.17163590E-01
  0.53942718E-01  0.99951506E+00 -0.17980903E-01
  0.56394659E-01  0.99946994E+00 -0.18798217E-01
  0.58846604E-01  0.99942285E+00 -0.19615531E-01
  0.61298545E-01  0.99937373E+00 -0.20432845E-01
  0.63750483E-01  0.99932265E+00 -0.21250159E-01
  0.66202432E-01  0.99926955E+00 -0.22067474E-01
  0.68654373E-01  0.99921441E+00 -0.22884786E-01
  0.71106307E-01  0.99915731E+00 -0.23702100E-01
  0.73558256E-01  0.99909818E+00 -0.24519416E-01
  0.76010197E-01  0.99903709E+00 -0.25336727E-01
  0.78462139E-01  0.99897397E+00 -0.26154041E-01
  0.80914073E-01  0.99890882E+00 -0.26971355E-01
  0.83366014E-01  0.99884170E+00 -0.27788669E-01
  0.85817963E-01  0.99877256E+00 -0.28605985E-01
  0.88269904E-01  0.99870139E+00 -0.29423298E-01
  0.90721846E-01  0.99862826E+00 -0.30240610E-01
  0.93173787E-01  0.99855310E+00 -0.31057924E-01
  0.95625728E-01  0.99847597E+00 -0.31875238E-01
  0.98077670E-01  0.99839681E+00 -0.32692552E-01
  0.10052962E+00  0.99831563E+00 -0.33509869E-01
  0.10298156E+00  0.99823248E+00 -0.34327179E-01
  0.10543349E+00  0.99814731E+00 -0.35144493E-01
  0.10788544E+00  0.99806011E+00 -0.35961807E-01
  0.11033738E+00  0.99797094E+00 -0.36779121E-01
  0.11278932E+00  0.99787974E+00 -0.37596434E-01
  0.11524127E+00  0.99778658E+00 -0.38413752E-01
  0.11769321E+00  0.99769139E+00 -0.39231062E-01
  0.12014515E+00  0.99759418E+00 -0.40048376E-01
  0.12259709E+00  0.99749500E+00 -0.40865690E-01
  0.12504902E+00  0.99739379E+00 -0.41683003E-01
  0.12750097E+00  0.99729061E+00 -0.42500317E-01
  0.12995291E+00  0.99718535E+00 -0.43317631E-01
  0.13240486E+00  0.99707818E+00 -0.44134948E-01
  0.13485681E+00  0.99696892E+00 -0.44952258E-01
  0.13730875E+00  0.99685770E+00 -0.45769572E-01
  0.13976067E+00  0.99674451E+00 -0.46586886E-01
  0.14221261E+00  0.99662924E+00 -0.47404200E-01
  0.14466456E+00  0.99651206E+00 -0.48221514E-01
  0.14711651E+00  0.99639279E+00 -0.49038831E-01
  0.14956845E+00  0.99627155E+00 -0.49856141E-01
  0.15202039E+00  0.99614829E+00 -0.50673455E-01
  0.15447234E+00  0.99602306E+00 -0.51490769E-01
  0.15692428E+00  0.99589580E+00 -0.52308083E-01
  0.15937622E+00  0.99576652E+00 -0.53125396E-01
  0.16182815E+00  0.99563527E+00 -0.53942710E-01
  0.16428009E+00  0.99550200E+00 -0.54760024E-01
  0.16673203E+00  0.99536675E+00 -0.55577338E-01
  0.16918398E+00  0.99522948E+00 -0.56394655E-01
  0.17163593E+00  0.99509019E+00 -0.57211969E-01
  0.17408787E+00  0.99494892E+00 -0.58029283E-01
  0.17653981E+00  0.99480563E+00 -0.58846597E-01
  0.17899175E+00  0.99466032E+00 -0.59663910E-01
  0.18144369E+00  0.99451303E+00 -0.60481220E-01
  0.18389563E+00  0.99436373E+00 -0.61298534E-01
  0.18634757E+00  0.99421245E+00 -0.62115848E-01
  0.18879952E+00  0.99405915E+00 -0.62933162E-01
  0.19125146E+00  0.99390382E+00 -0.63750476E-01
  0.19370340E+00  0.99374652E+00 -0.64567789E-01
  0.19615534E+00  0.99358720E+00 -0.65385103E-01
  0.19860728E+00  0.99342585E+00 -0.66202417E-01
  0.20105924E+00  0.99326253E+00 -0.67019738E-01
  0.20351118E+00  0.99309719E+00 -0.67837045E-01
  0.20596312E+00  0.99292988E+00 -0.68654358E-01
  0.20841506E+00  0.99276054E+00 -0.69471672E-01
  0.21086699E+00  0.99258918E+00 -0.70288986E-01
  0.21331893E+00  0.99241585E+00 -0.71106300E-01
  0.21577087E+00  0.99224049E+00 -0.71923614E-01
  0.21822281E+00  0.99206311E+00 -0.72740927E-01
  0.22067475E+00  0.99188375E+00 -0.73558241E-01
  0.22312669E+00  0.99170244E+00 -0.74375555E-01
  0.22557864E+00  0.99151903E+00 -0.75192869E-01
  0.22803058E+00  0.99133366E+00 -0.76010182E-01
  0.23048253E+00  0.99114633E+00 -0.76827504E-01
  0.23293447E+00  0.99095690E+00 -0.77644818E-01
  0.23538642E+00  0.99076551E+00 -0.78462124E-01
  0.23783836E+00  0.99057215E+00 -0.79279438E-01
  0.24029030E+00  0.99037677E+00 -0.80096751E-01
  0.24274224E+00  0.99017936E+00 -0.80914065E-01
  0.24519418E+00  0.98997998E+00 -0.81731379E-01
  0.24764612E+00  0.98977858E+00 -0.82548693E-01
  0.25009805E+00  0.98957515E+00 -0.83366007E-01
  0.25255001E+00  0.98936975E+00 -0.84183320E-01
  0.25500193E+00  0.98916233E+00 -0.85000634E-01
  0.25745389E+00  0.98895293E+00 -0.85817948E-01
  0.25990582E+00  0.98874152E+00 -0.86635262E-01
  0.26235777E+00  0.98852807E+00 -0.87452583E-01
  0.26480973E+00  0.98831266E+00 -0.88269897E-01
  0.26726165E+00  0.98809522E+00 -0.89087203E-01
  0.26971361E+00  0.98787576E+00 -0.89904517E-01
  0.27216554E+00  0.98765433E+00 -0.90721831E-01
  0.27461749E+00  0.98743087E+00 -0.91539145E-01
  0.27706942E+00  0.98720545E+00 -0.92356458E-01
  0.27952135E+00  0.98697799E+00 -0.93173772E-01
  0.28197330E+00  0.98674852E+00 -0.93991086E-01
  0.28442523E+00  0.98651707E+00 -0.94808400E-01
  0.28687719E+00  0.98628360E+00 -0.95625713E-01
  0.28932911E+00  0.98604810E+00 -0.96443027E-01
  0.29178107E+00  0.98581064E+00 -0.97260348E-01
  0.29423302E+00  0.98557115E+00 -0.98077662E-01
  0.29668495E+00  0.98532969E+00 -0.98894969E-01
  0.29913691E+00  0.98508620E+00 -0.99712282E-01
  0.30158883E+00  0.98484069E+00 -0.10052960E+00
  0.30404079E+00  0.98459321E+00 -0.10134691E+00
  0.30649272E+00  0.98434371E+00 -0.10216422E+00
  0.30894467E+00  0.98409218E+00 -0.10298154E+00
  0.31139660E+00  0.98383868E+00 -0.10379885E+00
  0.31384856E+00  0.98358321E+00 -0.10461617E+00
  0.31630048E+00  0.98332566E+00 -0.10543348E+00
  0.31875244E+00  0.98306614E+00 -0.10625079E+00
  0.32120436E+00  0.98280466E+00 -0.10706811E+00
  0.32365629E+00  0.98254108E+00 -0.10788542E+00
  0.32610825E+00  0.98227555E+00 -0.10870273E+00
  0.32856017E+00  0.98200804E+00 -0.10952005E+00
  0.33101213E+00  0.98173851E+00 -0.11033736E+00
  0.33346406E+00  0.98146695E+00 -0.11115468E+00
  0.33591601E+00  0.98119342E+00 -0.11197198E+00
  0.33836797E+00  0.98091787E+00 -0.11278931E+00
  0.34081993E+00  0.98064029E+00 -0.11360662E+00
  0.34327185E+00  0.98036075E+00 -0.11442394E+00
  0.34572381E+00  0.98007917E+00 -0.11524125E+00
  0.34817573E+00  0.97979563E+00 -0.11605857E+00
  0.35062769E+00  0.97951007E+00 -0.11687588E+00
  0.35307962E+00  0.97922248E+00 -0.11769319E+00
  0.35553157E+00  0.97893286E+00 -0.11851051E+00
  0.35798350E+00  0.97864133E+00 -0.11932782E+00
  0.36043546E+00  0.97834772E+00 -0.12014513E+00
  0.36288738E+00  0.97805214E+00 -0.12096244E+00
  0.36533934E+00  0.97775453E+00 -0.12177975E+00
  0.36779127E+00  0.97745496E+00 -0.12259707E+00
  0.37024319E+00  0.97715330E+00 -0.12341438E+00
  0.37269515E+00  0.97684973E+00 -0.12423170E+00
  0.37514707E+00  0.97654414E+00 -0.12504901E+00
  0.37759903E+00  0.97623652E+00 -0.12586632E+00
  0.38005096E+00  0.97592688E+00 -0.12668364E+00
  0.38250291E+00  0.97561526E+00 -0.12750095E+00
  0.38495484E+00  0.97530162E+00 -0.12831827E+00
  0.38740680E+00  0.97498602E+00 -0.12913558E+00
  0.38985872E+00  0.97466838E+00 -0.12995289E+00
  0.39231068E+00  0.97434872E+00 -0.13077021E+00
  0.39476261E+00  0.97402710E+00 -0.13158752E+00
  0.39721456E+00  0.97370344E+00 -0.13240483E+00
  0.39966652E+00  0.97337776E+00 -0.13322216E+00
  0.40211847E+00  0.97305012E+00 -0.13403948E+00
  0.40457040E+00  0.97272044E+00 -0.13485678E+00
  0.40702236E+00  0.97238880E+00 -0.13567409E+00
  0.40947428E+00  0.97205514E+00 -0.13649140E+00
  0.41192624E+00  0.97171944E+00 -0.13730872E+00
  0.41437817E+00  0.97138178E+00 -0.13812603E+00
  0.41683012E+00  0.97104210E+00 -0.13894334E+00
  0.41928205E+00  0.97070044E+00 -0.13976066E+00
  0.42173398E+00  0.97035676E+00 -0.14057797E+00
  0.42418593E+00  0.97001106E+00 -0.14139529E+00
  0.42663786E+00  0.96966338E+00 -0.14221260E+00
  0.42908981E+00  0.96931368E+00 -0.14302991E+00
  0.43154174E+00  0.96896195E+00 -0.14384723E+00
  0.43399370E+00  0.96860826E+00 -0.14466454E+00
  0.43644562E+00  0.96825254E+00 -0.14548185E+00
  0.43889758E+00  0.96789485E+00 -0.14629917E+00
  0.44134951E+00  0.96753508E+00 -0.14711648E+00
  0.44380146E+00  0.96717340E+00 -0.14793380E+00
  0.44625339E+00  0.96680963E+00 -0.14875111E+00
  0.44870535E+00  0.96644390E+00 -0.14956842E+00
  0.45115727E+00  0.96607620E+00 -0.15038574E+00
  0.45360923E+00  0.96570647E+00 -0.15120305E+00
  0.45606115E+00  0.96533471E+00 -0.15202036E+00
  0.45851308E+00  0.96496093E+00 -0.15283768E+00
  0.46096507E+00  0.96458519E+00 -0.15365501E+00
  0.46341702E+00  0.96420747E+00 -0.15447232E+00
  0.46586895E+00  0.96382767E+00 -0.15528964E+00
  0.46832091E+00  0.96344590E+00 -0.15610693E+00
  0.47077283E+00  0.96306217E+00 -0.15692425E+00
  0.47322476E+00  0.96267641E+00 -0.15774156E+00
  0.47567672E+00  0.96228862E+00 -0.15855888E+00
  0.47812864E+00  0.96189886E+00 -0.15937619E+00
  0.48058060E+00  0.96150702E+00 -0.16019350E+00
  0.48303252E+00  0.96111327E+00 -0.16101082E+00
  0.48548448E+00  0.96071750E+00 -0.16182813E+00
  0.48793641E+00  0.96031970E+00 -0.16264544E+00
  0.49038836E+00  0.95991987E+00 -0.16346276E+00
  0.49284029E+00  0.95951807E+00 -0.16428007E+00
  0.49529225E+00  0.95911425E+00 -0.16509739E+00
  0.49774417E+00  0.95870847E+00 -0.16591470E+00
  0.50019610E+00  0.95830065E+00 -0.16673201E+00
  0.50264806E+00  0.95789081E+00 -0.16754933E+00
  0.50510001E+00  0.95747900E+00 -0.16836664E+00
  0.50755191E+00  0.95706517E+00 -0.16918395E+00
  0.51000386E+00  0.95664936E+00 -0.17000127E+00
  0.51245582E+00  0.95623153E+00 -0.17081858E+00
  0.51490778E+00  0.95581168E+00 -0.17163590E+00
  0.51735967E+00  0.95538980E+00 -0.17245321E+00
  0.51981163E+00  0.95496601E+00 -0.17327052E+00
  0.52226359E+00  0.95454013E+00 -0.17408785E+00
  0.52471554E+00  0.95411229E+00 -0.17490517E+00
  0.52716750E+00  0.95368242E+00 -0.17572248E+00
  0.52961946E+00  0.95325053E+00 -0.17653979E+00
  0.53207135E+00  0.95281667E+00 -0.17735709E+00
  0.53452331E+00  0.95238084E+00 -0.17817441E+00
  0.53697526E+00  0.95194292E+00 -0.17899172E+00
  0.53942722E+00  0.95150304E+00 -0.17980903E+00
  0.54187912E+00  0.95106119E+00 -0.18062635E+00
  0.54433107E+00  0.95061731E+00 -0.18144366E+00
  0.54678303E+00  0.95017141E+00 -0.18226098E+00
  0.54923499E+00  0.94972348E+00 -0.18307829E+00
  0.55168688E+00  0.94927359E+00 -0.18389560E+00
  0.55413884E+00  0.94882172E+00 -0.18471292E+00
  0.55659080E+00  0.94836777E+00 -0.18553023E+00
  0.55904269E+00  0.94791186E+00 -0.18634754E+00
  0.56149465E+00  0.94745398E+00 -0.18716486E+00
  0.56394660E+00  0.94699407E+00 -0.18798217E+00
  0.56639856E+00  0.94653213E+00 -0.18879949E+00
  0.56885046E+00  0.94606817E+00 -0.18961680E+00
  0.57130241E+00  0.94560224E+00 -0.19043411E+00
  0.57375437E+00  0.94513434E+00 -0.19125143E+00
  0.57620633E+00  0.94466436E+00 -0.19206874E+00
  0.57865822E+00  0.94419247E+00 -0.19288605E+00
  0.58111018E+00  0.94371849E+00 -0.19370337E+00
  0.58356214E+00  0.94324255E+00 -0.19452070E+00
  0.58601409E+00  0.94276458E+00 -0.19533801E+00
  0.58846605E+00  0.94228464E+00 -0.19615532E+00
  0.59091800E+00  0.94180268E+00 -0.19697264E+00
  0.59336990E+00  0.94131869E+00 -0.19778994E+00
  0.59582186E+00  0.94083273E+00 -0.19860725E+00
  0.59827381E+00  0.94034475E+00 -0.19942456E+00
  0.60072577E+00  0.93985474E+00 -0.20024188E+00
  0.60317767E+00  0.93936276E+00 -0.20105919E+00
  0.60562962E+00  0.93886882E+00 -0.20187651E+00
  0.60808158E+00  0.93837279E+00 -0.20269382E+00
  0.61053348E+00  0.93787479E+00 -0.20351113E+00
  0.61298543E+00  0.93737483E+00 -0.20432845E+00
  0.61543739E+00  0.93687278E+00 -0.20514576E+00
  0.61788934E+00  0.93636882E+00 -0.20596308E+00
  0.62034124E+00  0.93586278E+00 -0.20678039E+00
  0.62279320E+00  0.93535477E+00 -0.20759770E+00
  0.62524515E+00  0.93484473E+00 -0.20841502E+00
  0.62769711E+00  0.93433273E+00 -0.20923233E+00
  0.63014901E+00  0.93381870E+00 -0.21004964E+00
  0.63260096E+00  0.93330270E+00 -0.21086696E+00
  0.63505292E+00  0.93278462E+00 -0.21168427E+00
  0.63750488E+00  0.93226463E+00 -0.21250159E+00
  0.63995677E+00  0.93174255E+00 -0.21331890E+00
  0.64240873E+00  0.93121850E+00 -0.21413621E+00
  0.64486068E+00  0.93069243E+00 -0.21495353E+00
  0.64731258E+00  0.93016440E+00 -0.21577084E+00
  0.64976454E+00  0.92963433E+00 -0.21658815E+00
  0.65221649E+00  0.92910230E+00 -0.21740547E+00
  0.65466845E+00  0.92856818E+00 -0.21822278E+00
  0.65712035E+00  0.92803216E+00 -0.21904010E+00
  0.65957230E+00  0.92749405E+00 -0.21985741E+00
  0.66202426E+00  0.92695397E+00 -0.22067472E+00
  0.66447622E+00  0.92641193E+00 -0.22149204E+00
  0.66692811E+00  0.92586780E+00 -0.22230935E+00
  0.66938007E+00  0.92532170E+00 -0.22312666E+00
  0.67183203E+00  0.92477363E+00 -0.22394396E+00
  0.67428404E+00  0.92422354E+00 -0.22476131E+00
  0.67673594E+00  0.92367142E+00 -0.22557862E+00
  0.67918789E+00  0.92311728E+00 -0.22639593E+00
  0.68163985E+00  0.92256117E+00 -0.22721325E+00
  0.68409181E+00  0.92200309E+00 -0.22803056E+00
  0.68654370E+00  0.92144299E+00 -0.22884788E+00
  0.68899566E+00  0.92088085E+00 -0.22966519E+00
  0.69144762E+00  0.92031670E+00 -0.23048250E+00
  0.69389957E+00  0.91975057E+00 -0.23129982E+00
  0.69635147E+00  0.91918242E+00 -0.23211713E+00
  0.69880342E+00  0.91861230E+00 -0.23293445E+00
  0.70125538E+00  0.91804016E+00 -0.23375176E+00
  0.70370734E+00  0.91746598E+00 -0.23456907E+00
  0.70615923E+00  0.91688985E+00 -0.23538639E+00
  0.70861119E+00  0.91631168E+00 -0.23620370E+00
  0.71106315E+00  0.91573155E+00 -0.23702101E+00
  0.71351504E+00  0.91514939E+00 -0.23783833E+00
  0.71596700E+00  0.91456521E+00 -0.23865564E+00
  0.71841896E+00  0.91397905E+00 -0.23947296E+00
  0.72087091E+00  0.91339087E+00 -0.24029025E+00
  0.72332281E+00  0.91280067E+00 -0.24110757E+00
  0.72577477E+00  0.91220850E+00 -0.24192488E+00
  0.72822672E+00  0.91161430E+00 -0.24274220E+00
  0.73067868E+00  0.91101813E+00 -0.24355951E+00
  0.73313057E+00  0.91041994E+00 -0.24437682E+00
  0.73558253E+00  0.90981972E+00 -0.24519414E+00
  0.73803449E+00  0.90921754E+00 -0.24601145E+00
  0.74048638E+00  0.90861332E+00 -0.24682876E+00
  0.74293834E+00  0.90800709E+00 -0.24764608E+00
  0.74539030E+00  0.90739888E+00 -0.24846339E+00
  0.74784225E+00  0.90678865E+00 -0.24928071E+00
  0.75029415E+00  0.90617645E+00 -0.25009802E+00
  0.75274611E+00  0.90556222E+00 -0.25091535E+00
  0.75519806E+00  0.90494597E+00 -0.25173265E+00
  0.75765002E+00  0.90432775E+00 -0.25254998E+00
  0.76010191E+00  0.90370750E+00 -0.25336727E+00
  0.76255387E+00  0.90308529E+00 -0.25418457E+00
  0.76500583E+00  0.90246105E+00 -0.25500190E+00
  0.76745778E+00  0.90183479E+00 -0.25581920E+00
  0.76990968E+00  0.90120649E+00 -0.25663653E+00
  0.77236164E+00  0.90057623E+00 -0.25745383E+00
  0.77481359E+00  0.89994401E+00 -0.25827116E+00
  0.77726549E+00  0.89930975E+00 -0.25908846E+00
  0.77971745E+00  0.89867347E+00 -0.25990579E+00
  0.78216940E+00  0.89803517E+00 -0.26072308E+00
  0.78462136E+00  0.89739490E+00 -0.26154041E+00
  0.78707325E+00  0.89675260E+00 -0.26235771E+00
  0.78952521E+00  0.89610833E+00 -0.26317504E+00
  0.79197717E+00  0.89546204E+00 -0.26399234E+00
  0.79442912E+00  0.89481372E+00 -0.26480967E+00
  0.79688114E+00  0.89416343E+00 -0.26562700E+00
  0.79933304E+00  0.89351112E+00 -0.26644433E+00
  0.80178499E+00  0.89285684E+00 -0.26726162E+00
  0.80423695E+00  0.89220053E+00 -0.26807895E+00
  0.80668885E+00  0.89154220E+00 -0.26889625E+00
  0.80914080E+00  0.89088184E+00 -0.26971355E+00
  0.81159276E+00  0.89021957E+00 -0.27053088E+00
  0.81404471E+00  0.88955522E+00 -0.27134818E+00
  0.81649661E+00  0.88888890E+00 -0.27216551E+00
  0.81894857E+00  0.88822055E+00 -0.27298281E+00
  0.82140052E+00  0.88755023E+00 -0.27380013E+00
  0.82385248E+00  0.88687783E+00 -0.27461743E+00
  0.82630438E+00  0.88620353E+00 -0.27543476E+00
  0.82875633E+00  0.88552719E+00 -0.27625206E+00
  0.83120829E+00  0.88484883E+00 -0.27706939E+00
  0.83366024E+00  0.88416845E+00 -0.27788669E+00
  0.83611214E+00  0.88348609E+00 -0.27870402E+00
  0.83856410E+00  0.88280171E+00 -0.27952132E+00
  0.84101605E+00  0.88211536E+00 -0.28033864E+00
  0.84346795E+00  0.88142699E+00 -0.28115594E+00
  0.84591991E+00  0.88073659E+00 -0.28197327E+00
  0.84837186E+00  0.88004422E+00 -0.28279057E+00
  0.85082382E+00  0.87934983E+00 -0.28360790E+00
  0.85327572E+00  0.87865341E+00 -0.28442520E+00
  0.85572767E+00  0.87795502E+00 -0.28524253E+00
  0.85817963E+00  0.87725461E+00 -0.28605983E+00
  0.86063159E+00  0.87655222E+00 -0.28687716E+00
  0.86308348E+00  0.87584782E+00 -0.28769445E+00
  0.86553544E+00  0.87514138E+00 -0.28851178E+00
  0.86798739E+00  0.87443298E+00 -0.28932908E+00
  0.87043935E+00  0.87372255E+00 -0.29014641E+00
  0.87289125E+00  0.87301016E+00 -0.29096371E+00
  0.87534320E+00  0.87229574E+00 -0.29178104E+00
  0.87779516E+00  0.87157929E+00 -0.29259834E+00
  0.88024706E+00  0.87086087E+00 -0.29341567E+00
  0.88269901E+00  0.87014043E+00 -0.29423296E+00
  0.88515097E+00  0.86941797E+00 -0.29505026E+00
  0.88760293E+00  0.86869353E+00 -0.29586759E+00
  0.89005482E+00  0.86796707E+00 -0.29668489E+00
  0.89250678E+00  0.86723864E+00 -0.29750222E+00
  0.89495873E+00  0.86650819E+00 -0.29831952E+00
  0.89741069E+00  0.86577570E+00 -0.29913685E+00
  0.89986259E+00  0.86504120E+00 -0.29995415E+00
  0.90231454E+00  0.86430478E+00 -0.30077147E+00
  0.90476650E+00  0.86356628E+00 -0.30158877E+00
  0.90721846E+00  0.86282581E+00 -0.30240610E+00
  0.90967035E+00  0.86208332E+00 -0.30322340E+00
  0.91212231E+00  0.86133885E+00 -0.30404073E+00
  0.91457427E+00  0.86059231E+00 -0.30485803E+00
  0.91702616E+00  0.85984385E+00 -0.30567536E+00
  0.91947818E+00  0.85909331E+00 -0.30649269E+00
  0.92193013E+00  0.85834080E+00 -0.30731001E+00
  0.92438209E+00  0.85758632E+00 -0.30812731E+00
  0.92683405E+00  0.85682982E+00 -0.30894464E+00
  0.92928594E+00  0.85607129E+00 -0.30976194E+00
  0.93173790E+00  0.85531074E+00 -0.31057927E+00
  0.93418986E+00  0.85454822E+00 -0.31139657E+00
  0.93664181E+00  0.85378373E+00 -0.31221387E+00
  0.93909371E+00  0.85301715E+00 -0.31303120E+00
  0.94154567E+00  0.85224861E+00 -0.31384850E+00
  0.94399762E+00  0.85147810E+00 -0.31466582E+00
  0.94644952E+00  0.85070556E+00 -0.31548312E+00
  0.94890147E+00  0.84993100E+00 -0.31630045E+00
  0.95135343E+00  0.84915447E+00 -0.31711775E+00
  0.95380539E+00  0.84837592E+00 -0.31793508E+00
  0.95625728E+00  0.84759533E+00 -0.31875238E+00
  0.95870924E+00  0.84681278E+00 -0.31956971E+00
  0.96116120E+00  0.84602821E+00 -0.32038701E+00
  0.96361315E+00  0.84524161E+00 -0.32120433E+00
  0.96606505E+00  0.84445304E+00 -0.32202163E+00
  0.96851701E+00  0.84366250E+00 -0.32283896E+00
  0.97096896E+00  0.84286988E+00 -0.32365626E+00
  0.97342086E+00  0.84207529E+00 -0.32447359E+00
  0.97587281E+00  0.84127873E+00 -0.32529089E+00
  0.97832477E+00  0.84048015E+00 -0.32610822E+00
  0.98077673E+00  0.83967954E+00 -0.32692552E+00
  0.98322862E+00  0.83887690E+00 -0.32774284E+00
  0.98568058E+00  0.83807230E+00 -0.32856014E+00
  0.98813254E+00  0.83726567E+00 -0.32937747E+00
  0.99058449E+00  0.83645707E+00 -0.33019477E+00
  0.99303639E+00  0.83564645E+00 -0.33101210E+00
  0.99548835E+00  0.83483386E+00 -0.33182940E+00
  0.99794030E+00  0.83401918E+00 -0.33264673E+00
  0.10003922E+01  0.83320260E+00 -0.33346403E+00
  0.10028442E+01  0.83238393E+00 -0.33428136E+00
  0.10052961E+01  0.83156329E+00 -0.33509865E+00
  0.10077480E+01  0.83074063E+00 -0.33591598E+00
  0.10102000E+01  0.82991600E+00 -0.33673328E+00
  0.10126519E+01  0.82908934E+00 -0.33755058E+00
  0.10151038E+01  0.82826072E+00 -0.33836791E+00
  0.10175558E+01  0.82743007E+00 -0.33918521E+00
  0.10200077E+01  0.82659739E+00 -0.34000254E+00
  0.10224597E+01  0.82576269E+00 -0.34081984E+00
  0.10249116E+01  0.82492602E+00 -0.34163716E+00
  0.10273635E+01  0.82408738E+00 -0.34245446E+00
  0.10298156E+01  0.82324666E+00 -0.34327179E+00
  0.10322675E+01  0.82240397E+00 -0.34408909E+00
  0.10347193E+01  0.82155931E+00 -0.34490642E+00
  0.10371714E+01  0.82071263E+00 -0.34572372E+00
  0.10396233E+01  0.81986392E+00 -0.34654105E+00
  0.10420753E+01  0.81901318E+00 -0.34735838E+00
  0.10445272E+01  0.81816047E+00 -0.34817570E+00
  0.10469792E+01  0.81730580E+00 -0.34899300E+00
  0.10494311E+01  0.81644905E+00 -0.34981033E+00
  0.10518831E+01  0.81559038E+00 -0.35062763E+00
  0.10543350E+01  0.81472963E+00 -0.35144496E+00
  0.10567869E+01  0.81386691E+00 -0.35226226E+00
  0.10592389E+01  0.81300217E+00 -0.35307959E+00
  0.10616908E+01  0.81213546E+00 -0.35389689E+00
  0.10641427E+01  0.81126672E+00 -0.35471418E+00
  0.10665947E+01  0.81039596E+00 -0.35553151E+00
  0.10690466E+01  0.80952322E+00 -0.35634881E+00
  0.10714986E+01  0.80864847E+00 -0.35716614E+00
  0.10739505E+01  0.80777174E+00 -0.35798344E+00
  0.10764024E+01  0.80689299E+00 -0.35880077E+00
  0.10788544E+01  0.80601221E+00 -0.35961807E+00
  0.10813063E+01  0.80512947E+00 -0.36043540E+00
  0.10837582E+01  0.80424470E+00 -0.36125270E+00
  0.10862103E+01  0.80335790E+00 -0.36207002E+00
  0.10886621E+01  0.80246913E+00 -0.36288732E+00
  0.10911140E+01  0.80157834E+00 -0.36370465E+00
  0.10935661E+01  0.80068558E+00 -0.36452195E+00
  0.10960180E+01  0.79979080E+00 -0.36533928E+00
  0.10984700E+01  0.79889399E+00 -0.36615658E+00
  0.11009219E+01  0.79799521E+00 -0.36697391E+00
  0.11033738E+01  0.79709440E+00 -0.36779121E+00
  0.11058258E+01  0.79619157E+00 -0.36860853E+00
  0.11082777E+01  0.79528677E+00 -0.36942583E+00
  0.11107296E+01  0.79437995E+00 -0.37024316E+00
  0.11131816E+01  0.79347116E+00 -0.37106046E+00
  0.11156335E+01  0.79256034E+00 -0.37187779E+00
  0.11180854E+01  0.79164749E+00 -0.37269509E+00
  0.11205374E+01  0.79073268E+00 -0.37351242E+00
  0.11229893E+01  0.78981584E+00 -0.37432972E+00
  0.11254413E+01  0.78889704E+00 -0.37514704E+00
  0.11278932E+01  0.78797615E+00 -0.37596434E+00
  0.11303451E+01  0.78705335E+00 -0.37678167E+00
  0.11327971E+01  0.78612846E+00 -0.37759897E+00
  0.11352490E+01  0.78520161E+00 -0.37841630E+00
  0.11377009E+01  0.78427279E+00 -0.37923360E+00
  0.11401529E+01  0.78334188E+00 -0.38005090E+00
  0.11426048E+01  0.78240907E+00 -0.38086823E+00
  0.11450567E+01  0.78147417E+00 -0.38168553E+00
  0.11475087E+01  0.78053731E+00 -0.38250285E+00
  0.11499606E+01  0.77959841E+00 -0.38332015E+00
  0.11524127E+01  0.77865756E+00 -0.38413748E+00
  0.11548645E+01  0.77771467E+00 -0.38495478E+00
  0.11573164E+01  0.77676976E+00 -0.38577211E+00
  0.11597685E+01  0.77582288E+00 -0.38658941E+00
  0.11622204E+01  0.77487397E+00 -0.38740674E+00
  0.11646724E+01  0.77392304E+00 -0.38822407E+00
  0.11671243E+01  0.77297014E+00 -0.38904139E+00
  0.11695763E+01  0.77201527E+00 -0.38985869E+00
  0.11720282E+01  0.77105832E+00 -0.39067602E+00
  0.11744801E+01  0.77009940E+00 -0.39149332E+00
  0.11769321E+01  0.76913851E+00 -0.39231065E+00
  0.11793840E+01  0.76817560E+00 -0.39312795E+00
  0.11818360E+01  0.76721066E+00 -0.39394528E+00
  0.11842879E+01  0.76624370E+00 -0.39476258E+00
  0.11867398E+01  0.76527476E+00 -0.39557987E+00
  0.11891918E+01  0.76430386E+00 -0.39639720E+00
  0.11916437E+01  0.76333088E+00 -0.39721450E+00
  0.11940956E+01  0.76235592E+00 -0.39803183E+00
  0.11965476E+01  0.76137900E+00 -0.39884913E+00
  0.11989995E+01  0.76040006E+00 -0.39966646E+00
  0.12014515E+01  0.75941908E+00 -0.40048376E+00
  0.12039034E+01  0.75843608E+00 -0.40130109E+00
  0.12063553E+01  0.75745112E+00 -0.40211838E+00
  0.12088073E+01  0.75646418E+00 -0.40293571E+00
  0.12112592E+01  0.75547516E+00 -0.40375301E+00
  0.12137111E+01  0.75448424E+00 -0.40457034E+00
  0.12161632E+01  0.75349122E+00 -0.40538764E+00
  0.12186151E+01  0.75249624E+00 -0.40620497E+00
  0.12210670E+01  0.75149924E+00 -0.40702227E+00
  0.12235190E+01  0.75050026E+00 -0.40783960E+00
  0.12259709E+01  0.74949926E+00 -0.40865690E+00
  0.12284229E+01  0.74849623E+00 -0.40947422E+00
  0.12308748E+01  0.74749124E+00 -0.41029152E+00
  0.12333267E+01  0.74648422E+00 -0.41110885E+00
  0.12357787E+01  0.74547523E+00 -0.41192615E+00
  0.12382306E+01  0.74446416E+00 -0.41274348E+00
  0.12406825E+01  0.74345118E+00 -0.41356078E+00
  0.12431345E+01  0.74243611E+00 -0.41437811E+00
  0.12455864E+01  0.74141908E+00 -0.41519541E+00
  0.12480383E+01  0.74040008E+00 -0.41601273E+00
  0.12504903E+01  0.73937905E+00 -0.41683003E+00
  0.12529422E+01  0.73835599E+00 -0.41764736E+00
  0.12553942E+01  0.73733091E+00 -0.41846466E+00
  0.12578461E+01  0.73630387E+00 -0.41928199E+00
  0.12602980E+01  0.73527485E+00 -0.42009929E+00
  0.12627500E+01  0.73424375E+00 -0.42091662E+00
  0.12652019E+01  0.73321068E+00 -0.42173392E+00
  0.12676538E+01  0.73217565E+00 -0.42255121E+00
  0.12701058E+01  0.73113859E+00 -0.42336854E+00
  0.12725577E+01  0.73009950E+00 -0.42418584E+00
  0.12750098E+01  0.72905838E+00 -0.42500317E+00
  0.12774616E+01  0.72801530E+00 -0.42582047E+00
  0.12799135E+01  0.72697026E+00 -0.42663780E+00
  0.12823656E+01  0.72592312E+00 -0.42745510E+00
  0.12848175E+01  0.72487402E+00 -0.42827243E+00
  0.12872694E+01  0.72382295E+00 -0.42908973E+00
  0.12897214E+01  0.72276986E+00 -0.42990705E+00
  0.12921733E+01  0.72171474E+00 -0.43072435E+00
  0.12946252E+01  0.72065759E+00 -0.43154168E+00
  0.12970772E+01  0.71959847E+00 -0.43235898E+00
  0.12995291E+01  0.71853739E+00 -0.43317631E+00
  0.13019811E+01  0.71747422E+00 -0.43399361E+00
  0.13044330E+01  0.71640915E+00 -0.43481094E+00
  0.13068849E+01  0.71534199E+00 -0.43562824E+00
  0.13093369E+01  0.71427286E+00 -0.43644556E+00
  0.13117888E+01  0.71320170E+00 -0.43726286E+00
  0.13142407E+01  0.71212858E+00 -0.43808019E+00
  0.13166927E+01  0.71105343E+00 -0.43889749E+00
  0.13191446E+01  0.70997626E+00 -0.43971482E+00
  0.13215965E+01  0.70889711E+00 -0.44053212E+00
  0.13240485E+01  0.70781595E+00 -0.44134945E+00
  0.13265004E+01  0.70673281E+00 -0.44216675E+00
  0.13289524E+01  0.70564759E+00 -0.44298407E+00
  0.13314043E+01  0.70456046E+00 -0.44380137E+00
  0.13338562E+01  0.70347124E+00 -0.44461870E+00
  0.13363082E+01  0.70238006E+00 -0.44543600E+00
  0.13387601E+01  0.70128691E+00 -0.44625333E+00
  0.13412120E+01  0.70019174E+00 -0.44707063E+00
  0.13436641E+01  0.69909453E+00 -0.44788793E+00
  0.13461159E+01  0.69799531E+00 -0.44870526E+00
  0.13485681E+01  0.69689405E+00 -0.44952261E+00
  0.13510200E+01  0.69579083E+00 -0.45033994E+00
  0.13534719E+01  0.69468564E+00 -0.45115724E+00
  0.13559239E+01  0.69357842E+00 -0.45197457E+00
  0.13583758E+01  0.69246924E+00 -0.45279187E+00
  0.13608278E+01  0.69135797E+00 -0.45360920E+00
  0.13632797E+01  0.69024479E+00 -0.45442650E+00
  0.13657316E+01  0.68912953E+00 -0.45524380E+00
  0.13681836E+01  0.68801230E+00 -0.45606112E+00
  0.13706355E+01  0.68689305E+00 -0.45687842E+00
  0.13730874E+01  0.68577182E+00 -0.45769575E+00
  0.13755394E+01  0.68464857E+00 -0.45851305E+00
  0.13779913E+01  0.68352336E+00 -0.45933038E+00
  0.13804432E+01  0.68239611E+00 -0.46014768E+00
  0.13828952E+01  0.68126684E+00 -0.46096501E+00
  0.13853471E+01  0.68013555E+00 -0.46178231E+00
  0.13877991E+01  0.67900229E+00 -0.46259964E+00
  0.13902510E+01  0.67786705E+00 -0.46341693E+00
  0.13927029E+01  0.67672974E+00 -0.46423426E+00
  0.13951550E+01  0.67559046E+00 -0.46505156E+00
  0.13976068E+01  0.67444921E+00 -0.46586889E+00
  0.14000587E+01  0.67330593E+00 -0.46668619E+00
  0.14025108E+01  0.67216063E+00 -0.46750352E+00
  0.14049627E+01  0.67101336E+00 -0.46832082E+00
  0.14074147E+01  0.66986406E+00 -0.46913815E+00
  0.14098666E+01  0.66871274E+00 -0.46995544E+00
  0.14123185E+01  0.66755944E+00 -0.47077277E+00
  0.14147705E+01  0.66640413E+00 -0.47159007E+00
  0.14172224E+01  0.66524678E+00 -0.47240740E+00
  0.14196743E+01  0.66408747E+00 -0.47322470E+00
  0.14221263E+01  0.66292620E+00 -0.47404203E+00
  0.14245782E+01  0.66176283E+00 -0.47485933E+00
  0.14270301E+01  0.66059750E+00 -0.47567666E+00
  0.14294821E+01  0.65943021E+00 -0.47649395E+00
  0.14319340E+01  0.65826088E+00 -0.47731128E+00
  0.14343860E+01  0.65708953E+00 -0.47812858E+00
  0.14368379E+01  0.65591615E+00 -0.47894591E+00
  0.14392898E+01  0.65474081E+00 -0.47976321E+00
  0.14417418E+01  0.65356344E+00 -0.48058051E+00
  0.14441937E+01  0.65238410E+00 -0.48139784E+00
  0.14466456E+01  0.65120274E+00 -0.48221514E+00
  0.14490976E+01  0.65001941E+00 -0.48303246E+00
  0.14515495E+01  0.64883399E+00 -0.48384976E+00
  0.14540014E+01  0.64764667E+00 -0.48466709E+00
  0.14564534E+01  0.64645725E+00 -0.48548439E+00
  0.14589053E+01  0.64526588E+00 -0.48630172E+00
  0.14613574E+01  0.64407247E+00 -0.48711902E+00
  0.14638093E+01  0.64287710E+00 -0.48793635E+00
  0.14662611E+01  0.64167970E+00 -0.48875365E+00
  0.14687132E+01  0.64048034E+00 -0.48957098E+00
  0.14711651E+01  0.63927889E+00 -0.49038827E+00
  0.14736170E+01  0.63807553E+00 -0.49120560E+00
  0.14760690E+01  0.63687009E+00 -0.49202290E+00
  0.14785209E+01  0.63566267E+00 -0.49284023E+00
  0.14809728E+01  0.63445330E+00 -0.49365753E+00
  0.14834248E+01  0.63324183E+00 -0.49447486E+00
  0.14858767E+01  0.63202840E+00 -0.49529216E+00
  0.14883287E+01  0.63081300E+00 -0.49610949E+00
  0.14907806E+01  0.62959558E+00 -0.49692678E+00
  0.14932325E+01  0.62837613E+00 -0.49774411E+00
  0.14956845E+01  0.62715471E+00 -0.49856141E+00
  0.14981364E+01  0.62593126E+00 -0.49937874E+00
  0.15005883E+01  0.62470579E+00 -0.50019604E+00
  0.15030403E+01  0.62347835E+00 -0.50101334E+00
  0.15054922E+01  0.62224889E+00 -0.50183070E+00
  0.15079442E+01  0.62101740E+00 -0.50264800E+00
  0.15103961E+01  0.61978394E+00 -0.50346529E+00
  0.15128480E+01  0.61854851E+00 -0.50428259E+00
  0.15153000E+01  0.61731100E+00 -0.50509995E+00
  0.15177519E+01  0.61607152E+00 -0.50591725E+00
  0.15202038E+01  0.61483008E+00 -0.50673455E+00
  0.15226558E+01  0.61358654E+00 -0.50755185E+00
  0.15251077E+01  0.61234111E+00 -0.50836915E+00
  0.15275596E+01  0.61109358E+00 -0.50918651E+00
  0.15300117E+01  0.60984409E+00 -0.51000381E+00
  0.15324636E+01  0.60859257E+00 -0.51082110E+00
  0.15349156E+01  0.60733908E+00 -0.51163840E+00
  0.15373675E+01  0.60608357E+00 -0.51245576E+00
  0.15398194E+01  0.60482609E+00 -0.51327306E+00
  0.15422714E+01  0.60356653E+00 -0.51409036E+00
  0.15447233E+01  0.60230505E+00 -0.51490766E+00
  0.15471752E+01  0.60104150E+00 -0.51572502E+00
  0.15496272E+01  0.59977597E+00 -0.51654232E+00
  0.15520791E+01  0.59850842E+00 -0.51735961E+00
  0.15545310E+01  0.59723890E+00 -0.51817691E+00
  0.15569830E+01  0.59596735E+00 -0.51899427E+00
  0.15594349E+01  0.59469384E+00 -0.51981157E+00
  0.15618869E+01  0.59341830E+00 -0.52062887E+00
  0.15643388E+01  0.59214073E+00 -0.52144617E+00
  0.15667907E+01  0.59086114E+00 -0.52226353E+00
  0.15692427E+01  0.58957958E+00 -0.52308083E+00
  0.15716946E+01  0.58829606E+00 -0.52389812E+00
  0.15741465E+01  0.58701044E+00 -0.52471542E+00
  0.15765985E+01  0.58572286E+00 -0.52553278E+00
  0.15790504E+01  0.58443332E+00 -0.52635008E+00
  0.15815023E+01  0.58314174E+00 -0.52716738E+00
  0.15839543E+01  0.58184814E+00 -0.52798468E+00
  0.15864062E+01  0.58055258E+00 -0.52880204E+00
  0.15888582E+01  0.57925498E+00 -0.52961934E+00
  0.15913101E+01  0.57795537E+00 -0.53043664E+00
  0.15937623E+01  0.57665372E+00 -0.53125399E+00
  0.15962142E+01  0.57535011E+00 -0.53207129E+00
  0.15986661E+01  0.57404447E+00 -0.53288865E+00
  0.16011181E+01  0.57273686E+00 -0.53370595E+00
  0.16035700E+01  0.57142723E+00 -0.53452325E+00
  0.16060219E+01  0.57011563E+00 -0.53534055E+00
  0.16084739E+01  0.56880200E+00 -0.53615791E+00
  0.16109258E+01  0.56748635E+00 -0.53697520E+00
  0.16133777E+01  0.56616873E+00 -0.53779250E+00
  0.16158297E+01  0.56484908E+00 -0.53860980E+00
  0.16182816E+01  0.56352746E+00 -0.53942710E+00
  0.16207336E+01  0.56220382E+00 -0.54024446E+00
  0.16231855E+01  0.56087816E+00 -0.54106176E+00
  0.16256374E+01  0.55955052E+00 -0.54187906E+00
  0.16280894E+01  0.55822086E+00 -0.54269636E+00
  0.16305413E+01  0.55688918E+00 -0.54351372E+00
  0.16329932E+01  0.55555552E+00 -0.54433101E+00
  0.16354452E+01  0.55421984E+00 -0.54514831E+00
  0.16378971E+01  0.55288219E+00 -0.54596561E+00
  0.16403491E+01  0.55154252E+00 -0.54678297E+00
  0.16428010E+01  0.55020082E+00 -0.54760027E+00
  0.16452529E+01  0.54885715E+00 -0.54841757E+00
  0.16477050E+01  0.54751146E+00 -0.54923487E+00
  0.16501569E+01  0.54616374E+00 -0.55005223E+00
  0.16526088E+01  0.54481405E+00 -0.55086952E+00
  0.16550608E+01  0.54346234E+00 -0.55168682E+00
  0.16575127E+01  0.54210865E+00 -0.55250412E+00
  0.16599646E+01  0.54075295E+00 -0.55332148E+00
  0.16624166E+01  0.53939521E+00 -0.55413878E+00
  0.16648685E+01  0.53803551E+00 -0.55495608E+00
  0.16673205E+01  0.53667378E+00 -0.55577338E+00
  0.16697724E+01  0.53531009E+00 -0.55659074E+00
  0.16722243E+01  0.53394437E+00 -0.55740803E+00
  0.16746763E+01  0.53257662E+00 -0.55822533E+00
  0.16771282E+01  0.53120685E+00 -0.55904263E+00
  0.16795801E+01  0.52983510E+00 -0.55985999E+00
  0.16820321E+01  0.52846140E+00 -0.56067729E+00
  0.16844840E+01  0.52708566E+00 -0.56149459E+00
  0.16869359E+01  0.52570790E+00 -0.56231189E+00
  0.16893879E+01  0.52432811E+00 -0.56312925E+00
  0.16918398E+01  0.52294636E+00 -0.56394655E+00
  0.16942918E+01  0.52156258E+00 -0.56476384E+00
  0.16967437E+01  0.52017683E+00 -0.56558114E+00
  0.16991956E+01  0.51878905E+00 -0.56639844E+00
  0.17016476E+01  0.51739925E+00 -0.56721580E+00
  0.17040995E+01  0.51600748E+00 -0.56803310E+00
  0.17065514E+01  0.51461369E+00 -0.56885040E+00
  0.17090034E+01  0.51321793E+00 -0.56966770E+00
  0.17114553E+01  0.51182014E+00 -0.57048506E+00
  0.17139072E+01  0.51042032E+00 -0.57130235E+00
  0.17163593E+01  0.50901854E+00 -0.57211965E+00
  0.17188112E+01  0.50761473E+00 -0.57293695E+00
  0.17212632E+01  0.50620890E+00 -0.57375431E+00
  0.17237151E+01  0.50480109E+00 -0.57457161E+00
  0.17261670E+01  0.50339127E+00 -0.57538891E+00
  0.17286190E+01  0.50197947E+00 -0.57620621E+00
  0.17310709E+01  0.50056565E+00 -0.57702357E+00
  0.17335228E+01  0.49914980E+00 -0.57784086E+00
  0.17359748E+01  0.49773198E+00 -0.57865816E+00
  0.17384267E+01  0.49631214E+00 -0.57947546E+00
  0.17408787E+01  0.49489030E+00 -0.58029282E+00
  0.17433306E+01  0.49346644E+00 -0.58111012E+00
  0.17457825E+01  0.49204060E+00 -0.58192742E+00
  0.17482345E+01  0.49061275E+00 -0.58274472E+00
  0.17506864E+01  0.48918289E+00 -0.58356208E+00
  0.17531383E+01  0.48775104E+00 -0.58437937E+00
  0.17555903E+01  0.48631716E+00 -0.58519667E+00
  0.17580422E+01  0.48488128E+00 -0.58601397E+00
  0.17604941E+01  0.48344341E+00 -0.58683133E+00
  0.17629461E+01  0.48200354E+00 -0.58764863E+00
  0.17653980E+01  0.48056167E+00 -0.58846593E+00
  0.17678500E+01  0.47911778E+00 -0.58928323E+00
  0.17703019E+01  0.47767189E+00 -0.59010053E+00
  0.17727538E+01  0.47622401E+00 -0.59091789E+00
  0.17752059E+01  0.47477409E+00 -0.59173518E+00
  0.17776577E+01  0.47332218E+00 -0.59255248E+00
  0.17801096E+01  0.47186828E+00 -0.59336978E+00
  0.17825617E+01  0.47041237E+00 -0.59418714E+00
  0.17850136E+01  0.46895447E+00 -0.59500444E+00
  0.17874655E+01  0.46749455E+00 -0.59582174E+00
  0.17899175E+01  0.46603262E+00 -0.59663904E+00
  0.17923694E+01  0.46456870E+00 -0.59745640E+00
  0.17948214E+01  0.46310276E+00 -0.59827369E+00
  0.17972733E+01  0.46163484E+00 -0.59909099E+00
  0.17997252E+01  0.46016490E+00 -0.59990829E+00
  0.18021772E+01  0.45869297E+00 -0.60072565E+00
  0.18046291E+01  0.45721900E+00 -0.60154295E+00
  0.18070810E+01  0.45574307E+00 -0.60236025E+00
  0.18095330E+01  0.45426512E+00 -0.60317755E+00
  0.18119849E+01  0.45278516E+00 -0.60399491E+00
  0.18144369E+01  0.45130318E+00 -0.60481220E+00
  0.18168888E+01  0.44981924E+00 -0.60562950E+00
  0.18193407E+01  0.44833326E+00 -0.60644680E+00
  0.18217927E+01  0.44684529E+00 -0.60726416E+00
  0.18242446E+01  0.44535530E+00 -0.60808146E+00
  0.18266965E+01  0.44386333E+00 -0.60889876E+00
  0.18291485E+01  0.44236934E+00 -0.60971606E+00
  0.18316004E+01  0.44087335E+00 -0.61053342E+00
  0.18340523E+01  0.43937534E+00 -0.61135072E+00
  0.18365043E+01  0.43787536E+00 -0.61216801E+00
  0.18389564E+01  0.43637326E+00 -0.61298537E+00
  0.18414084E+01  0.43486926E+00 -0.61380267E+00
  0.18438603E+01  0.43336326E+00 -0.61462003E+00
  0.18463122E+01  0.43185523E+00 -0.61543733E+00
  0.18487642E+01  0.43034521E+00 -0.61625463E+00
  0.18512161E+01  0.42883319E+00 -0.61707193E+00
  0.18536681E+01  0.42731917E+00 -0.61788929E+00
  0.18561200E+01  0.42580315E+00 -0.61870658E+00
  0.18585719E+01  0.42428511E+00 -0.61952388E+00
  0.18610239E+01  0.42276508E+00 -0.62034118E+00
  0.18634758E+01  0.42124304E+00 -0.62115854E+00
  0.18659277E+01  0.41971898E+00 -0.62197584E+00
  0.18683797E+01  0.41819292E+00 -0.62279314E+00
  0.18708316E+01  0.41666487E+00 -0.62361044E+00
  0.18732836E+01  0.41513482E+00 -0.62442774E+00
  0.18757355E+01  0.41360277E+00 -0.62524509E+00
  0.18781874E+01  0.41206869E+00 -0.62606239E+00
  0.18806394E+01  0.41053262E+00 -0.62687969E+00
  0.18830913E+01  0.40899456E+00 -0.62769699E+00
  0.18855432E+01  0.40745446E+00 -0.62851435E+00
  0.18879952E+01  0.40591240E+00 -0.62933165E+00
  0.18904471E+01  0.40436831E+00 -0.63014895E+00
  0.18928990E+01  0.40282223E+00 -0.63096625E+00
  0.18953511E+01  0.40127411E+00 -0.63178360E+00
  0.18978029E+01  0.39972404E+00 -0.63260090E+00
  0.19002550E+01  0.39817193E+00 -0.63341820E+00
  0.19027069E+01  0.39661783E+00 -0.63423550E+00
  0.19051588E+01  0.39506170E+00 -0.63505286E+00
  0.19076108E+01  0.39350361E+00 -0.63587016E+00
  0.19100627E+01  0.39194348E+00 -0.63668746E+00
  0.19125146E+01  0.39038137E+00 -0.63750476E+00
  0.19149666E+01  0.38881722E+00 -0.63832211E+00
  0.19174185E+01  0.38725111E+00 -0.63913941E+00
  0.19198704E+01  0.38568297E+00 -0.63995671E+00
  0.19223224E+01  0.38411283E+00 -0.64077401E+00
  0.19247743E+01  0.38254067E+00 -0.64159137E+00
  0.19272263E+01  0.38096654E+00 -0.64240867E+00
  0.19296782E+01  0.37939039E+00 -0.64322597E+00
  0.19321301E+01  0.37781224E+00 -0.64404327E+00
  0.19345821E+01  0.37623209E+00 -0.64486063E+00
  0.19370340E+01  0.37464991E+00 -0.64567792E+00
  0.19394859E+01  0.37306574E+00 -0.64649522E+00
  0.19419379E+01  0.37147957E+00 -0.64731252E+00
  0.19443898E+01  0.36989141E+00 -0.64812982E+00
  0.19468417E+01  0.36830124E+00 -0.64894718E+00
  0.19492937E+01  0.36670905E+00 -0.64976448E+00
  0.19517456E+01  0.36511487E+00 -0.65058178E+00
  0.19541976E+01  0.36351869E+00 -0.65139908E+00
  0.19566495E+01  0.36192048E+00 -0.65221643E+00
  0.19591014E+01  0.36032027E+00 -0.65303373E+00
  0.19615535E+01  0.35871807E+00 -0.65385103E+00
  0.19640054E+01  0.35711387E+00 -0.65466833E+00
  0.19664572E+01  0.35550767E+00 -0.65548569E+00
  0.19689093E+01  0.35389945E+00 -0.65630299E+00
  0.19713612E+01  0.35228923E+00 -0.65712029E+00
  0.19738132E+01  0.35067701E+00 -0.65793759E+00
  0.19762651E+01  0.34906277E+00 -0.65875494E+00
  0.19787170E+01  0.34744656E+00 -0.65957224E+00
  0.19811690E+01  0.34582832E+00 -0.66038954E+00
  0.19836209E+01  0.34420809E+00 -0.66120684E+00
  0.19860728E+01  0.34258583E+00 -0.66202420E+00
  0.19885248E+01  0.34096161E+00 -0.66284150E+00
  0.19909767E+01  0.33933535E+00 -0.66365880E+00
  0.19934286E+01  0.33770710E+00 -0.66447610E+00
  0.19958806E+01  0.33607683E+00 -0.66529346E+00
  0.19983325E+01  0.33444458E+00 -0.66611075E+00
  0.20007844E+01  0.33281031E+00 -0.66692805E+00
  0.20032363E+01  0.33117405E+00 -0.66774535E+00
  0.20056884E+01  0.32953575E+00 -0.66856271E+00
  0.20081403E+01  0.32789549E+00 -0.66938001E+00
  0.20105922E+01  0.32625321E+00 -0.67019731E+00
  0.20130441E+01  0.32460892E+00 -0.67101461E+00
  0.20154960E+01  0.32296261E+00 -0.67183197E+00
  0.20179482E+01  0.32131433E+00 -0.67264926E+00
  0.20204000E+01  0.31966403E+00 -0.67346656E+00
  0.20228519E+01  0.31801173E+00 -0.67428386E+00
  0.20253038E+01  0.31635743E+00 -0.67510116E+00
  0.20277557E+01  0.31470111E+00 -0.67591852E+00
  0.20302076E+01  0.31304279E+00 -0.67673582E+00
  0.20326598E+01  0.31138247E+00 -0.67755312E+00
  0.20351117E+01  0.30972016E+00 -0.67837042E+00
  0.20375636E+01  0.30805585E+00 -0.67918777E+00
  0.20400155E+01  0.30638951E+00 -0.68000507E+00
  0.20424674E+01  0.30472118E+00 -0.68082237E+00
  0.20449195E+01  0.30305085E+00 -0.68163967E+00
  0.20473714E+01  0.30137849E+00 -0.68245703E+00
  0.20498233E+01  0.29970413E+00 -0.68327433E+00
  0.20522752E+01  0.29802778E+00 -0.68409163E+00
  0.20547271E+01  0.29634944E+00 -0.68490893E+00
  0.20571790E+01  0.29466909E+00 -0.68572628E+00
  0.20596311E+01  0.29298672E+00 -0.68654358E+00
  0.20620830E+01  0.29130235E+00 -0.68736088E+00
  0.20645349E+01  0.28961599E+00 -0.68817818E+00
  0.20669868E+01  0.28792760E+00 -0.68899554E+00
  0.20694387E+01  0.28623724E+00 -0.68981284E+00
  0.20718908E+01  0.28454486E+00 -0.69063014E+00
  0.20743427E+01  0.28285047E+00 -0.69144744E+00
  0.20767946E+01  0.28115407E+00 -0.69226480E+00
  0.20792465E+01  0.27945569E+00 -0.69308209E+00
  0.20816984E+01  0.27775529E+00 -0.69389939E+00
  0.20841506E+01  0.27605277E+00 -0.69471675E+00
  0.20866024E+01  0.27434838E+00 -0.69553405E+00
  0.20890543E+01  0.27264196E+00 -0.69635141E+00
  0.20915065E+01  0.27093354E+00 -0.69716871E+00
  0.20939584E+01  0.26922312E+00 -0.69798601E+00
  0.20964103E+01  0.26751071E+00 -0.69880331E+00
  0.20988622E+01  0.26579627E+00 -0.69962066E+00
  0.21013141E+01  0.26407984E+00 -0.70043796E+00
  0.21037662E+01  0.26236141E+00 -0.70125526E+00
  0.21062181E+01  0.26064098E+00 -0.70207256E+00
  0.21086700E+01  0.25891852E+00 -0.70288992E+00
  0.21111219E+01  0.25719410E+00 -0.70370722E+00
  0.21135738E+01  0.25546765E+00 -0.70452452E+00
  0.21160257E+01  0.25373918E+00 -0.70534182E+00
  0.21184778E+01  0.25200874E+00 -0.70615917E+00
  0.21209297E+01  0.25027627E+00 -0.70697647E+00
  0.21233816E+01  0.24854180E+00 -0.70779377E+00
  0.21258335E+01  0.24680533E+00 -0.70861107E+00
  0.21282854E+01  0.24506685E+00 -0.70942837E+00
  0.21307375E+01  0.24332638E+00 -0.71024573E+00
  0.21331894E+01  0.24158390E+00 -0.71106303E+00
  0.21356413E+01  0.23983940E+00 -0.71188033E+00
  0.21380932E+01  0.23809291E+00 -0.71269763E+00
  0.21405451E+01  0.23634443E+00 -0.71351498E+00
  0.21429973E+01  0.23459393E+00 -0.71433228E+00
  0.21454492E+01  0.23284142E+00 -0.71514958E+00
  0.21479011E+01  0.23108692E+00 -0.71596688E+00
  0.21503530E+01  0.22933041E+00 -0.71678424E+00
  0.21528049E+01  0.22757189E+00 -0.71760154E+00
  0.21552567E+01  0.22581138E+00 -0.71841884E+00
  0.21577089E+01  0.22404885E+00 -0.71923614E+00
  0.21601608E+01  0.22228433E+00 -0.72005349E+00
  0.21626127E+01  0.22051780E+00 -0.72087079E+00
  0.21650646E+01  0.21874925E+00 -0.72168809E+00
  0.21675165E+01  0.21697873E+00 -0.72250539E+00
  0.21699686E+01  0.21520618E+00 -0.72332275E+00
  0.21724205E+01  0.21343164E+00 -0.72414005E+00
  0.21748724E+01  0.21165508E+00 -0.72495735E+00
  0.21773243E+01  0.20987654E+00 -0.72577465E+00
  0.21797762E+01  0.20809597E+00 -0.72659200E+00
  0.21822281E+01  0.20631342E+00 -0.72740930E+00
  0.21846802E+01  0.20452884E+00 -0.72822660E+00
  0.21871321E+01  0.20274228E+00 -0.72904390E+00
  0.21895840E+01  0.20095369E+00 -0.72986126E+00
  0.21920359E+01  0.19916312E+00 -0.73067856E+00
  0.21944878E+01  0.19737054E+00 -0.73149586E+00
  0.21969399E+01  0.19557595E+00 -0.73231316E+00
  0.21993918E+01  0.19377936E+00 -0.73313046E+00
  0.22018437E+01  0.19198076E+00 -0.73394781E+00
  0.22042956E+01  0.19018017E+00 -0.73476511E+00
  0.22067475E+01  0.18837756E+00 -0.73558241E+00
  0.22091994E+01  0.18657295E+00 -0.73639971E+00
  0.22116516E+01  0.18476635E+00 -0.73721707E+00
  0.22141035E+01  0.18295774E+00 -0.73803437E+00
  0.22165554E+01  0.18114711E+00 -0.73885167E+00
  0.22190073E+01  0.17933449E+00 -0.73966897E+00
  0.22214592E+01  0.17751987E+00 -0.74048632E+00
  0.22239113E+01  0.17570324E+00 -0.74130362E+00
  0.22263632E+01  0.17388460E+00 -0.74212092E+00
  0.22288151E+01  0.17206396E+00 -0.74293822E+00
  0.22312670E+01  0.17024133E+00 -0.74375558E+00
  0.22337189E+01  0.16841668E+00 -0.74457288E+00
  0.22361708E+01  0.16659002E+00 -0.74539018E+00
  0.22386229E+01  0.16476136E+00 -0.74620748E+00
  0.22410748E+01  0.16293071E+00 -0.74702483E+00
  0.22435267E+01  0.16109805E+00 -0.74784213E+00
  0.22459786E+01  0.15926339E+00 -0.74865943E+00
  0.22484305E+01  0.15742671E+00 -0.74947673E+00
  0.22508826E+01  0.15558805E+00 -0.75029409E+00
  0.22533345E+01  0.15374736E+00 -0.75111139E+00
  0.22557864E+01  0.15190467E+00 -0.75192869E+00
  0.22582383E+01  0.15006000E+00 -0.75274599E+00
  0.22606902E+01  0.14821330E+00 -0.75356334E+00
  0.22631421E+01  0.14636461E+00 -0.75438064E+00
  0.22655942E+01  0.14451391E+00 -0.75519794E+00
  0.22680461E+01  0.14266121E+00 -0.75601524E+00
  0.22704980E+01  0.14080650E+00 -0.75683260E+00
  0.22729499E+01  0.13894980E+00 -0.75764990E+00
  0.22754018E+01  0.13709107E+00 -0.75846720E+00
  0.22778540E+01  0.13523036E+00 -0.75928450E+00
  0.22803059E+01  0.13336763E+00 -0.76010180E+00
  0.22827578E+01  0.13150291E+00 -0.76091915E+00
  0.22852097E+01  0.12963618E+00 -0.76173645E+00
  0.22876616E+01  0.12776744E+00 -0.76255375E+00
  0.22901134E+01  0.12589671E+00 -0.76337105E+00
  0.22925656E+01  0.12402397E+00 -0.76418841E+00
  0.22950175E+01  0.12214921E+00 -0.76500571E+00
  0.22974694E+01  0.12027247E+00 -0.76582301E+00
  0.22999213E+01  0.11839371E+00 -0.76664031E+00
  0.23023732E+01  0.11651295E+00 -0.76745766E+00
  0.23048253E+01  0.11463019E+00 -0.76827496E+00
  0.23072772E+01  0.11274543E+00 -0.76909226E+00
  0.23097291E+01  0.11085866E+00 -0.76990956E+00
  0.23121810E+01  0.10896988E+00 -0.77072692E+00
  0.23146329E+01  0.10707910E+00 -0.77154422E+00
  0.23170850E+01  0.10518632E+00 -0.77236152E+00
  0.23195369E+01  0.10329153E+00 -0.77317882E+00
  0.23219888E+01  0.10139474E+00 -0.77399617E+00
  0.23244407E+01  0.99495947E-01 -0.77481347E+00
  0.23268926E+01  0.97595148E-01 -0.77563077E+00
  0.23293447E+01  0.95692232E-01 -0.77644813E+00
  0.23317966E+01  0.93787424E-01 -0.77726543E+00
  0.23342485E+01  0.91880612E-01 -0.77808279E+00
  0.23367007E+01  0.89971803E-01 -0.77890009E+00
  0.23391526E+01  0.88060983E-01 -0.77971739E+00
  0.23416045E+01  0.86148158E-01 -0.78053468E+00
  0.23440564E+01  0.84233336E-01 -0.78135204E+00
  0.23465083E+01  0.82316503E-01 -0.78216934E+00
  0.23489602E+01  0.80397666E-01 -0.78298664E+00
  0.23514123E+01  0.78476831E-01 -0.78380394E+00
  0.23538642E+01  0.76553985E-01 -0.78462130E+00
  0.23563161E+01  0.74629143E-01 -0.78543860E+00
  0.23587680E+01  0.72702289E-01 -0.78625590E+00
  0.23612199E+01  0.70773438E-01 -0.78707319E+00
  0.23636720E+01  0.68842575E-01 -0.78789055E+00
  0.23661239E+01  0.66909716E-01 -0.78870785E+00
  0.23685758E+01  0.64974844E-01 -0.78952515E+00
  0.23710277E+01  0.63037977E-01 -0.79034245E+00
  0.23734796E+01  0.61099101E-01 -0.79115975E+00
  0.23759317E+01  0.59158221E-01 -0.79197711E+00
  0.23783836E+01  0.57215340E-01 -0.79279441E+00
  0.23808355E+01  0.55270452E-01 -0.79361171E+00
  0.23832874E+01  0.53323563E-01 -0.79442900E+00
  0.23857393E+01  0.51374666E-01 -0.79524636E+00
  0.23881912E+01  0.49423769E-01 -0.79606366E+00
  0.23906434E+01  0.47470868E-01 -0.79688096E+00
  0.23930953E+01  0.45515958E-01 -0.79769826E+00
  0.23955472E+01  0.43559048E-01 -0.79851562E+00
  0.23979990E+01  0.41600134E-01 -0.79933292E+00
  0.24004509E+01  0.39639216E-01 -0.80015022E+00
  0.24029031E+01  0.37676293E-01 -0.80096751E+00
  0.24053550E+01  0.35711367E-01 -0.80178487E+00
  0.24078069E+01  0.33744436E-01 -0.80260217E+00
  0.24102588E+01  0.31775501E-01 -0.80341947E+00
  0.24127107E+01  0.29804561E-01 -0.80423677E+00
  0.24151626E+01  0.27831618E-01 -0.80505413E+00
  0.24176147E+01  0.25856672E-01 -0.80587143E+00
  0.24200666E+01  0.23879722E-01 -0.80668873E+00
  0.24225185E+01  0.21900766E-01 -0.80750602E+00
  0.24249704E+01  0.19919807E-01 -0.80832338E+00
  0.24274223E+01  0.17936844E-01 -0.80914068E+00
  0.24298744E+01  0.15951877E-01 -0.80995798E+00
  0.24323263E+01  0.13964907E-01 -0.81077528E+00
  0.24347782E+01  0.11975933E-01 -0.81159264E+00
  0.24372301E+01  0.99849533E-02 -0.81240994E+00
  0.24396820E+01  0.79919705E-02 -0.81322724E+00
  0.24421339E+01  0.59969840E-02 -0.81404454E+00
  0.24445860E+01  0.39999932E-02 -0.81486189E+00
  0.24470379E+01  0.20009987E-02 -0.81567919E+00
  0.24494898E+01  0.00000000E+00 -0.81649649E+00
