  0.00000000E+00  0.10000000E+01  0.00000000E+00
  0.31447369E-02  0.99999833E+00 -0.10482443E-02
  0.62894737E-02  0.99999338E+00 -0.20964828E-02
  0.94342111E-02  0.99998516E+00 -0.31447087E-02
  0.12578947E-01  0.99997365E+00 -0.41929157E-02
  0.15723685E-01  0.99995881E+00 -0.52410983E-02
  0.18868422E-01  0.99994069E+00 -0.62892502E-02
  0.22013159E-01  0.99991924E+00 -0.73373639E-02
  0.25157895E-01  0.99989450E+00 -0.83854338E-02
  0.28302634E-01  0.99986649E+00 -0.94334548E-02
  0.31447370E-01  0.99983519E+00 -0.10481419E-01
  0.34592107E-01  0.99980056E+00 -0.11529322E-01
  0.37736844E-01  0.99976265E+00 -0.12577156E-01
  0.40881582E-01  0.99972147E+00 -0.13624914E-01
  0.44026319E-01  0.99967700E+00 -0.14672594E-01
  0.47171056E-01  0.99962920E+00 -0.15720185E-01
  0.50315790E-01  0.99957812E+00 -0.16767683E-01
  0.53460527E-01  0.99952376E+00 -0.17815081E-01
  0.56605268E-01  0.99946606E+00 -0.18862376E-01
  0.59750002E-01  0.99940509E+00 -0.19909557E-01
  0.62894739E-01  0.99934083E+00 -0.20956619E-01
  0.66039480E-01  0.99927330E+00 -0.22003559E-01
  0.69184214E-01  0.99920243E+00 -0.23050366E-01
  0.72328947E-01  0.99912834E+00 -0.24097037E-01
  0.75473689E-01  0.99905092E+00 -0.25143566E-01
  0.78618422E-01  0.99897015E+00 -0.26189944E-01
  0.81763163E-01  0.99888617E+00 -0.27236169E-01
  0.84907904E-01  0.99879885E+00 -0.28282233E-01
  0.88052638E-01  0.99870831E+00 -0.29328128E-01
  0.91197371E-01  0.99861443E+00 -0.30373847E-01
  0.94342113E-01  0.99851727E+00 -0.31419389E-01
  0.97486846E-01  0.99841678E+00 -0.32464739E-01
  0.10063158E+00  0.99831307E+00 -0.33509903E-01
  0.10377632E+00  0.99820602E+00 -0.34554861E-01
  0.10692105E+00  0.99809575E+00 -0.35599619E-01
  0.11006580E+00  0.99798214E+00 -0.36644168E-01
  0.11321054E+00  0.99786526E+00 -0.37688497E-01
  0.11635527E+00  0.99774510E+00 -0.38732603E-01
  0.11950000E+00  0.99762166E+00 -0.39776474E-01
  0.12264474E+00  0.99749494E+00 -0.40820118E-01
  0.12578948E+00  0.99736494E+00 -0.41863516E-01
  0.12893422E+00  0.99723160E+00 -0.42906668E-01
  0.13207896E+00  0.99709505E+00 -0.43949559E-01
  0.13522369E+00  0.99695522E+00 -0.44992194E-01
  0.13836843E+00  0.99681211E+00 -0.46034563E-01
  0.14151317E+00  0.99666566E+00 -0.47076654E-01
  0.14465789E+00  0.99651599E+00 -0.48118468E-01
  0.14780265E+00  0.99636304E+00 -0.49160000E-01
  0.15094738E+00  0.99620682E+00 -0.50201237E-01
  0.15409212E+00  0.99604732E+00 -0.51242180E-01
  0.15723684E+00  0.99588454E+00 -0.52282810E-01
  0.16038159E+00  0.99571848E+00 -0.53323139E-01
  0.16352633E+00  0.99554914E+00 -0.54363150E-01
  0.16667105E+00  0.99537653E+00 -0.55402838E-01
  0.16981581E+00  0.99520069E+00 -0.56442197E-01
  0.17296053E+00  0.99502158E+00 -0.57481222E-01
  0.17610528E+00  0.99483919E+00 -0.58519904E-01
  0.17925000E+00  0.99465352E+00 -0.59558239E-01
  0.18239474E+00  0.99446458E+00 -0.60596220E-01
  0.18553948E+00  0.99427241E+00 -0.61633844E-01
  0.18868423E+00  0.99407691E+00 -0.62671110E-01
  0.19182897E+00  0.99387825E+00 -0.63707992E-01
  0.19497369E+00  0.99367625E+00 -0.64744502E-01
  0.19811843E+00  0.99347103E+00 -0.65780625E-01
  0.20126316E+00  0.99326253E+00 -0.66816360E-01
  0.20440790E+00  0.99305075E+00 -0.67851700E-01
  0.20755264E+00  0.99283576E+00 -0.68886630E-01
  0.21069737E+00  0.99261749E+00 -0.69921158E-01
  0.21384211E+00  0.99239600E+00 -0.70955276E-01
  0.21698686E+00  0.99217123E+00 -0.71988977E-01
  0.22013161E+00  0.99194324E+00 -0.73022239E-01
  0.22327633E+00  0.99171197E+00 -0.74055068E-01
  0.22642107E+00  0.99147743E+00 -0.75087465E-01
  0.22956580E+00  0.99123973E+00 -0.76119408E-01
  0.23271054E+00  0.99099869E+00 -0.77150911E-01
  0.23585528E+00  0.99075449E+00 -0.78181945E-01
  0.23900001E+00  0.99050701E+00 -0.79212524E-01
  0.24214475E+00  0.99025625E+00 -0.80242626E-01
  0.24528947E+00  0.99000227E+00 -0.81272259E-01
  0.24843422E+00  0.98974508E+00 -0.82301423E-01
  0.25157896E+00  0.98948467E+00 -0.83330072E-01
  0.25472370E+00  0.98922098E+00 -0.84358245E-01
  0.25786844E+00  0.98895413E+00 -0.85385926E-01
  0.26101318E+00  0.98868400E+00 -0.86413078E-01
  0.26415792E+00  0.98841059E+00 -0.87439731E-01
  0.26730266E+00  0.98813403E+00 -0.88465869E-01
  0.27044737E+00  0.98785418E+00 -0.89491479E-01
  0.27359211E+00  0.98757118E+00 -0.90516552E-01
  0.27673686E+00  0.98728490E+00 -0.91541089E-01
  0.27988160E+00  0.98699540E+00 -0.92565089E-01
  0.28302634E+00  0.98670274E+00 -0.93588546E-01
  0.28617105E+00  0.98640680E+00 -0.94611436E-01
  0.28931579E+00  0.98610765E+00 -0.95633768E-01
  0.29246053E+00  0.98580533E+00 -0.96655540E-01
  0.29560530E+00  0.98549974E+00 -0.97676747E-01
  0.29875001E+00  0.98519099E+00 -0.98697357E-01
  0.30189475E+00  0.98487902E+00 -0.99717401E-01
  0.30503950E+00  0.98456383E+00 -0.10073683E+00
  0.30818424E+00  0.98424542E+00 -0.10175568E+00
  0.31132898E+00  0.98392379E+00 -0.10277393E+00
  0.31447369E+00  0.98359901E+00 -0.10379157E+00
  0.31761843E+00  0.98327100E+00 -0.10480858E+00
  0.32076317E+00  0.98293984E+00 -0.10582498E+00
  0.32390791E+00  0.98260546E+00 -0.10684076E+00
  0.32705265E+00  0.98226786E+00 -0.10785589E+00
  0.33019736E+00  0.98192710E+00 -0.10887039E+00
  0.33334211E+00  0.98158312E+00 -0.10988425E+00
  0.33648688E+00  0.98123598E+00 -0.11089746E+00
  0.33963162E+00  0.98088562E+00 -0.11191002E+00
  0.34277633E+00  0.98053211E+00 -0.11292190E+00
  0.34592107E+00  0.98017544E+00 -0.11393312E+00
  0.34906581E+00  0.97981554E+00 -0.11494366E+00
  0.35221055E+00  0.97945249E+00 -0.11595353E+00
  0.35535529E+00  0.97908628E+00 -0.11696270E+00
  0.35850000E+00  0.97871685E+00 -0.11797119E+00
  0.36164474E+00  0.97834426E+00 -0.11897897E+00
  0.36478949E+00  0.97796851E+00 -0.11998606E+00
  0.36793423E+00  0.97758961E+00 -0.12099243E+00
  0.37107897E+00  0.97720754E+00 -0.12199809E+00
  0.37422371E+00  0.97682232E+00 -0.12300301E+00
  0.37736845E+00  0.97643393E+00 -0.12400723E+00
  0.38051319E+00  0.97604239E+00 -0.12501070E+00
  0.38365793E+00  0.97564769E+00 -0.12601343E+00
  0.38680264E+00  0.97524983E+00 -0.12701543E+00
  0.38994738E+00  0.97484881E+00 -0.12801667E+00
  0.39309213E+00  0.97444469E+00 -0.12901713E+00
  0.39623687E+00  0.97403741E+00 -0.13001685E+00
  0.39938161E+00  0.97362691E+00 -0.13101579E+00
  0.40252632E+00  0.97321337E+00 -0.13201396E+00
  0.40567106E+00  0.97279662E+00 -0.13301136E+00
  0.40881580E+00  0.97237676E+00 -0.13400795E+00
  0.41196054E+00  0.97195381E+00 -0.13500376E+00
  0.41510528E+00  0.97152770E+00 -0.13599879E+00
  0.41824999E+00  0.97109842E+00 -0.13699298E+00
  0.42139474E+00  0.97066605E+00 -0.13798639E+00
  0.42453948E+00  0.97023058E+00 -0.13897897E+00
  0.42768422E+00  0.96979195E+00 -0.13997072E+00
  0.43082896E+00  0.96935022E+00 -0.14096166E+00
  0.43397373E+00  0.96890539E+00 -0.14195177E+00
  0.43711847E+00  0.96845746E+00 -0.14294103E+00
  0.44026321E+00  0.96800637E+00 -0.14392945E+00
  0.44340792E+00  0.96755219E+00 -0.14491701E+00
  0.44655266E+00  0.96709490E+00 -0.14590372E+00
  0.44969741E+00  0.96663457E+00 -0.14688955E+00
  0.45284215E+00  0.96617109E+00 -0.14787453E+00
  0.45598689E+00  0.96570450E+00 -0.14885864E+00
  0.45913160E+00  0.96523482E+00 -0.14984185E+00
  0.46227634E+00  0.96476209E+00 -0.15082419E+00
  0.46542108E+00  0.96428621E+00 -0.15180564E+00
  0.46856582E+00  0.96380728E+00 -0.15278618E+00
  0.47171056E+00  0.96332526E+00 -0.15376583E+00
  0.47485527E+00  0.96284020E+00 -0.15474457E+00
  0.47800002E+00  0.96235204E+00 -0.15572239E+00
  0.48114476E+00  0.96186078E+00 -0.15669930E+00
  0.48428950E+00  0.96136647E+00 -0.15767528E+00
  0.48743424E+00  0.96086907E+00 -0.15865032E+00
  0.49057895E+00  0.96036863E+00 -0.15962443E+00
  0.49372369E+00  0.95986515E+00 -0.16059759E+00
  0.49686843E+00  0.95935857E+00 -0.16156982E+00
  0.50001317E+00  0.95884895E+00 -0.16254109E+00
  0.50315791E+00  0.95833629E+00 -0.16351138E+00
  0.50630265E+00  0.95782053E+00 -0.16448073E+00
  0.50944740E+00  0.95730180E+00 -0.16544910E+00
  0.51259214E+00  0.95677996E+00 -0.16641650E+00
  0.51573688E+00  0.95625508E+00 -0.16738290E+00
  0.51888162E+00  0.95572722E+00 -0.16834833E+00
  0.52202636E+00  0.95519626E+00 -0.16931275E+00
  0.52517110E+00  0.95466232E+00 -0.17027618E+00
  0.52831584E+00  0.95412534E+00 -0.17123860E+00
  0.53146058E+00  0.95358533E+00 -0.17220001E+00
  0.53460532E+00  0.95304227E+00 -0.17316040E+00
  0.53775001E+00  0.95249623E+00 -0.17411979E+00
  0.54089475E+00  0.95194715E+00 -0.17507814E+00
  0.54403949E+00  0.95139509E+00 -0.17603543E+00
  0.54718423E+00  0.95084000E+00 -0.17699173E+00
  0.55032897E+00  0.95028192E+00 -0.17794694E+00
  0.55347371E+00  0.94972080E+00 -0.17890112E+00
  0.55661845E+00  0.94915670E+00 -0.17985426E+00
  0.55976319E+00  0.94858962E+00 -0.18080631E+00
  0.56290793E+00  0.94801950E+00 -0.18175732E+00
  0.56605268E+00  0.94744647E+00 -0.18270725E+00
  0.56919736E+00  0.94687039E+00 -0.18365610E+00
  0.57234210E+00  0.94629139E+00 -0.18460386E+00
  0.57548684E+00  0.94570935E+00 -0.18555054E+00
  0.57863158E+00  0.94512433E+00 -0.18649612E+00
  0.58177632E+00  0.94453639E+00 -0.18744059E+00
  0.58492106E+00  0.94394547E+00 -0.18838398E+00
  0.58806580E+00  0.94335157E+00 -0.18932626E+00
  0.59121060E+00  0.94275469E+00 -0.19026741E+00
  0.59435529E+00  0.94215488E+00 -0.19120744E+00
  0.59750003E+00  0.94155210E+00 -0.19214635E+00
  0.60064477E+00  0.94094634E+00 -0.19308412E+00
  0.60378951E+00  0.94033772E+00 -0.19402075E+00
  0.60693425E+00  0.93972605E+00 -0.19495624E+00
  0.61007899E+00  0.93911153E+00 -0.19589059E+00
  0.61322373E+00  0.93849403E+00 -0.19682379E+00
  0.61636847E+00  0.93787360E+00 -0.19775583E+00
  0.61951321E+00  0.93725026E+00 -0.19868666E+00
  0.62265795E+00  0.93662399E+00 -0.19961637E+00
  0.62580264E+00  0.93599474E+00 -0.20054489E+00
  0.62894738E+00  0.93536264E+00 -0.20147222E+00
  0.63209212E+00  0.93472761E+00 -0.20239837E+00
  0.63523686E+00  0.93408966E+00 -0.20332336E+00
  0.63838160E+00  0.93344879E+00 -0.20424710E+00
  0.64152634E+00  0.93280506E+00 -0.20516968E+00
  0.64467108E+00  0.93215841E+00 -0.20609103E+00
  0.64781582E+00  0.93150884E+00 -0.20701116E+00
  0.65096056E+00  0.93085641E+00 -0.20793009E+00
  0.65410531E+00  0.93020111E+00 -0.20884779E+00
  0.65724999E+00  0.92954290E+00 -0.20976424E+00
  0.66039473E+00  0.92888176E+00 -0.21067949E+00
  0.66353947E+00  0.92821783E+00 -0.21159348E+00
  0.66668421E+00  0.92755097E+00 -0.21250625E+00
  0.66982901E+00  0.92688125E+00 -0.21341775E+00
  0.67297375E+00  0.92620867E+00 -0.21432801E+00
  0.67611849E+00  0.92553324E+00 -0.21523698E+00
  0.67926323E+00  0.92485493E+00 -0.21614471E+00
  0.68240792E+00  0.92417383E+00 -0.21705115E+00
  0.68555266E+00  0.92348981E+00 -0.21795633E+00
  0.68869740E+00  0.92280298E+00 -0.21886022E+00
  0.69184214E+00  0.92211330E+00 -0.21976282E+00
  0.69498688E+00  0.92142081E+00 -0.22066413E+00
  0.69813162E+00  0.92072546E+00 -0.22156416E+00
  0.70127636E+00  0.92002726E+00 -0.22246286E+00
  0.70442110E+00  0.91932631E+00 -0.22336027E+00
  0.70756584E+00  0.91862249E+00 -0.22425635E+00
  0.71071059E+00  0.91791582E+00 -0.22515112E+00
  0.71385527E+00  0.91720641E+00 -0.22604460E+00
  0.71700001E+00  0.91649413E+00 -0.22693671E+00
  0.72014475E+00  0.91577905E+00 -0.22782752E+00
  0.72328949E+00  0.91506124E+00 -0.22871697E+00
  0.72643423E+00  0.91434056E+00 -0.22960508E+00
  0.72957897E+00  0.91361713E+00 -0.23049183E+00
  0.73272371E+00  0.91289091E+00 -0.23137724E+00
  0.73586845E+00  0.91216189E+00 -0.23226130E+00
  0.73901320E+00  0.91143012E+00 -0.23314399E+00
  0.74215794E+00  0.91069555E+00 -0.23402528E+00
  0.74530262E+00  0.90995818E+00 -0.23490524E+00
  0.74844742E+00  0.90921807E+00 -0.23578382E+00
  0.75159216E+00  0.90847522E+00 -0.23666100E+00
  0.75473690E+00  0.90772963E+00 -0.23753680E+00
  0.75788164E+00  0.90698129E+00 -0.23841120E+00
  0.76102638E+00  0.90623015E+00 -0.23928420E+00
  0.76417112E+00  0.90547627E+00 -0.24015579E+00
  0.76731586E+00  0.90471971E+00 -0.24102598E+00
  0.77046055E+00  0.90396035E+00 -0.24189475E+00
  0.77360529E+00  0.90319830E+00 -0.24276210E+00
  0.77675003E+00  0.90243351E+00 -0.24362804E+00
  0.77989477E+00  0.90166605E+00 -0.24449255E+00
  0.78303951E+00  0.90089577E+00 -0.24535561E+00
  0.78618425E+00  0.90012288E+00 -0.24621724E+00
  0.78932899E+00  0.89934725E+00 -0.24707742E+00
  0.79247373E+00  0.89856887E+00 -0.24793619E+00
  0.79561847E+00  0.89778781E+00 -0.24879347E+00
  0.79876322E+00  0.89700413E+00 -0.24964930E+00
  0.80190790E+00  0.89621770E+00 -0.25050366E+00
  0.80505264E+00  0.89542854E+00 -0.25135657E+00
  0.80819738E+00  0.89463675E+00 -0.25220799E+00
  0.81134212E+00  0.89384234E+00 -0.25305793E+00
  0.81448686E+00  0.89304519E+00 -0.25390640E+00
  0.81763160E+00  0.89224535E+00 -0.25475338E+00
  0.82077634E+00  0.89144289E+00 -0.25559887E+00
  0.82392108E+00  0.89063781E+00 -0.25644287E+00
  0.82706583E+00  0.88983005E+00 -0.25728536E+00
  0.83021057E+00  0.88901961E+00 -0.25812635E+00
  0.83335525E+00  0.88820654E+00 -0.25896582E+00
  0.83649999E+00  0.88739085E+00 -0.25980377E+00
  0.83964473E+00  0.88657254E+00 -0.26064020E+00
  0.84278947E+00  0.88575155E+00 -0.26147512E+00
  0.84593421E+00  0.88492799E+00 -0.26230848E+00
  0.84907895E+00  0.88410181E+00 -0.26314035E+00
  0.85222369E+00  0.88327295E+00 -0.26397067E+00
  0.85536844E+00  0.88244158E+00 -0.26479942E+00
  0.85851318E+00  0.88160753E+00 -0.26562664E+00
  0.86165792E+00  0.88077092E+00 -0.26645231E+00
  0.86480272E+00  0.87993169E+00 -0.26727644E+00
  0.86794746E+00  0.87908983E+00 -0.26809898E+00
  0.87109220E+00  0.87824547E+00 -0.26891994E+00
  0.87423694E+00  0.87739849E+00 -0.26973936E+00
  0.87738168E+00  0.87654895E+00 -0.27055717E+00
  0.88052642E+00  0.87569684E+00 -0.27137342E+00
  0.88367110E+00  0.87484217E+00 -0.27218810E+00
  0.88681585E+00  0.87398493E+00 -0.27300116E+00
  0.88996059E+00  0.87312514E+00 -0.27381262E+00
  0.89310533E+00  0.87226278E+00 -0.27462253E+00
  0.89625007E+00  0.87139791E+00 -0.27543077E+00
  0.89939481E+00  0.87053049E+00 -0.27623743E+00
  0.90253955E+00  0.86966050E+00 -0.27704248E+00
  0.90568429E+00  0.86878800E+00 -0.27784592E+00
  0.90882903E+00  0.86791301E+00 -0.27864775E+00
  0.91197377E+00  0.86703545E+00 -0.27944791E+00
  0.91511846E+00  0.86615545E+00 -0.28024647E+00
  0.91826320E+00  0.86527288E+00 -0.28104341E+00
  0.92140794E+00  0.86438781E+00 -0.28183869E+00
  0.92455268E+00  0.86350024E+00 -0.28263232E+00
  0.92769742E+00  0.86261022E+00 -0.28342429E+00
  0.93084216E+00  0.86171770E+00 -0.28421462E+00
  0.93398690E+00  0.86082268E+00 -0.28500330E+00
  0.93713164E+00  0.85992515E+00 -0.28579032E+00
  0.94027638E+00  0.85902518E+00 -0.28657568E+00
  0.94342113E+00  0.85812277E+00 -0.28735936E+00
  0.94656581E+00  0.85721785E+00 -0.28814137E+00
  0.94971055E+00  0.85631049E+00 -0.28892168E+00
  0.95285529E+00  0.85540068E+00 -0.28970033E+00
  0.95600003E+00  0.85448843E+00 -0.29047728E+00
  0.95914477E+00  0.85357374E+00 -0.29125252E+00
  0.96228951E+00  0.85265660E+00 -0.29202610E+00
  0.96543425E+00  0.85173702E+00 -0.29279795E+00
  0.96857899E+00  0.85081506E+00 -0.29356810E+00
  0.97172374E+00  0.84989065E+00 -0.29433656E+00
  0.97486848E+00  0.84896386E+00 -0.29510328E+00
  0.97801316E+00  0.84803462E+00 -0.29586831E+00
  0.98115790E+00  0.84710300E+00 -0.29663160E+00
  0.98430264E+00  0.84616899E+00 -0.29739317E+00
  0.98744738E+00  0.84523255E+00 -0.29815301E+00
  0.99059212E+00  0.84429377E+00 -0.29891109E+00
  0.99373686E+00  0.84335256E+00 -0.29966748E+00
  0.99688160E+00  0.84240901E+00 -0.30042207E+00
  0.10000263E+01  0.84146309E+00 -0.30117494E+00
  0.10031711E+01  0.84051478E+00 -0.30192608E+00
  0.10063158E+01  0.83956409E+00 -0.30267543E+00
  0.10094606E+01  0.83861113E+00 -0.30342305E+00
  0.10126053E+01  0.83765572E+00 -0.30416891E+00
  0.10157501E+01  0.83669806E+00 -0.30491295E+00
  0.10188948E+01  0.83573800E+00 -0.30565527E+00
  0.10220395E+01  0.83477563E+00 -0.30639583E+00
  0.10251843E+01  0.83381093E+00 -0.30713454E+00
  0.10283290E+01  0.83284390E+00 -0.30787152E+00
  0.10314738E+01  0.83187455E+00 -0.30860671E+00
  0.10346185E+01  0.83090293E+00 -0.30934009E+00
  0.10377632E+01  0.82992899E+00 -0.31007165E+00
  0.10409080E+01  0.82895273E+00 -0.31080148E+00
  0.10440527E+01  0.82797420E+00 -0.31152943E+00
  0.10471975E+01  0.82699341E+00 -0.31225562E+00
  0.10503422E+01  0.82601029E+00 -0.31297997E+00
  0.10534869E+01  0.82502490E+00 -0.31370252E+00
  0.10566317E+01  0.82403725E+00 -0.31442323E+00
  0.10597764E+01  0.82304734E+00 -0.31514215E+00
  0.10629212E+01  0.82205522E+00 -0.31585920E+00
  0.10660659E+01  0.82106078E+00 -0.31657442E+00
  0.10692106E+01  0.82006413E+00 -0.31728783E+00
  0.10723554E+01  0.81906521E+00 -0.31799942E+00
  0.10755000E+01  0.81806403E+00 -0.31870911E+00
  0.10786448E+01  0.81706071E+00 -0.31941703E+00
  0.10817895E+01  0.81605512E+00 -0.32012305E+00
  0.10849342E+01  0.81504726E+00 -0.32082719E+00
  0.10880790E+01  0.81403726E+00 -0.32152954E+00
  0.10912237E+01  0.81302506E+00 -0.32222998E+00
  0.10943685E+01  0.81201059E+00 -0.32292855E+00
  0.10975132E+01  0.81099397E+00 -0.32362527E+00
  0.11006579E+01  0.80997521E+00 -0.32432008E+00
  0.11038027E+01  0.80895418E+00 -0.32501304E+00
  0.11069474E+01  0.80793101E+00 -0.32570416E+00
  0.11100922E+01  0.80690569E+00 -0.32639334E+00
  0.11132369E+01  0.80587816E+00 -0.32708067E+00
  0.11163816E+01  0.80484855E+00 -0.32776606E+00
  0.11195264E+01  0.80381674E+00 -0.32844958E+00
  0.11226711E+01  0.80278277E+00 -0.32913119E+00
  0.11258159E+01  0.80174667E+00 -0.32981092E+00
  0.11289606E+01  0.80070841E+00 -0.33048874E+00
  0.11321054E+01  0.79966807E+00 -0.33116463E+00
  0.11352501E+01  0.79862559E+00 -0.33183861E+00
  0.11383947E+01  0.79758096E+00 -0.33251071E+00
  0.11415395E+01  0.79653424E+00 -0.33318081E+00
  0.11446842E+01  0.79548544E+00 -0.33384904E+00
  0.11478289E+01  0.79443455E+00 -0.33451536E+00
  0.11509737E+01  0.79338151E+00 -0.33517972E+00
  0.11541184E+01  0.79232645E+00 -0.33584213E+00
  0.11572632E+01  0.79126924E+00 -0.33650261E+00
  0.11604079E+01  0.79021001E+00 -0.33716115E+00
  0.11635526E+01  0.78914869E+00 -0.33781776E+00
  0.11666974E+01  0.78808534E+00 -0.33847240E+00
  0.11698421E+01  0.78701991E+00 -0.33912510E+00
  0.11729869E+01  0.78595239E+00 -0.33977583E+00
  0.11761316E+01  0.78488284E+00 -0.34042457E+00
  0.11792765E+01  0.78381127E+00 -0.34107143E+00
  0.11824212E+01  0.78273767E+00 -0.34171626E+00
  0.11855659E+01  0.78166205E+00 -0.34235916E+00
  0.11887106E+01  0.78058445E+00 -0.34300005E+00
  0.11918553E+01  0.77950478E+00 -0.34363899E+00
  0.11950001E+01  0.77842313E+00 -0.34427592E+00
  0.11981448E+01  0.77733946E+00 -0.34491092E+00
  0.12012895E+01  0.77625382E+00 -0.34554386E+00
  0.12044343E+01  0.77516615E+00 -0.34617487E+00
  0.12075790E+01  0.77407658E+00 -0.34680384E+00
  0.12107238E+01  0.77298498E+00 -0.34743086E+00
  0.12138685E+01  0.77189142E+00 -0.34805587E+00
  0.12170132E+01  0.77079588E+00 -0.34867886E+00
  0.12201580E+01  0.76969838E+00 -0.34929985E+00
  0.12233027E+01  0.76859897E+00 -0.34991881E+00
  0.12264475E+01  0.76749760E+00 -0.35053578E+00
  0.12295922E+01  0.76639432E+00 -0.35115075E+00
  0.12327369E+01  0.76528907E+00 -0.35176364E+00
  0.12358817E+01  0.76418191E+00 -0.35237458E+00
  0.12390264E+01  0.76307279E+00 -0.35298347E+00
  0.12421712E+01  0.76196182E+00 -0.35359034E+00
  0.12453159E+01  0.76084894E+00 -0.35419512E+00
  0.12484607E+01  0.75973409E+00 -0.35479790E+00
  0.12516053E+01  0.75861740E+00 -0.35539865E+00
  0.12547500E+01  0.75749886E+00 -0.35599735E+00
  0.12578948E+01  0.75637841E+00 -0.35659403E+00
  0.12610395E+01  0.75525606E+00 -0.35718867E+00
  0.12641842E+01  0.75413185E+00 -0.35778123E+00
  0.12673290E+01  0.75300580E+00 -0.35837173E+00
  0.12704737E+01  0.75187790E+00 -0.35896018E+00
  0.12736185E+01  0.75074816E+00 -0.35954660E+00
  0.12767632E+01  0.74961656E+00 -0.36013094E+00
  0.12799079E+01  0.74848312E+00 -0.36071318E+00
  0.12830527E+01  0.74734783E+00 -0.36129338E+00
  0.12861974E+01  0.74621075E+00 -0.36187151E+00
  0.12893422E+01  0.74507189E+00 -0.36244756E+00
  0.12924869E+01  0.74393117E+00 -0.36302158E+00
  0.12956316E+01  0.74278867E+00 -0.36359346E+00
  0.12987764E+01  0.74164438E+00 -0.36416328E+00
  0.13019211E+01  0.74049824E+00 -0.36473101E+00
  0.13050659E+01  0.73935038E+00 -0.36529666E+00
  0.13082106E+01  0.73820072E+00 -0.36586019E+00
  0.13113554E+01  0.73704934E+00 -0.36642164E+00
  0.13145000E+01  0.73589617E+00 -0.36698100E+00
  0.13176447E+01  0.73474121E+00 -0.36753827E+00
  0.13207895E+01  0.73358452E+00 -0.36809340E+00
  0.13239342E+01  0.73242611E+00 -0.36864650E+00
  0.13270789E+01  0.73126596E+00 -0.36919743E+00
  0.13302237E+01  0.73010403E+00 -0.36974627E+00
  0.13333684E+01  0.72894043E+00 -0.37029299E+00
  0.13365133E+01  0.72777510E+00 -0.37083760E+00
  0.13396580E+01  0.72660804E+00 -0.37138006E+00
  0.13428028E+01  0.72543931E+00 -0.37192044E+00
  0.13459475E+01  0.72426885E+00 -0.37245867E+00
  0.13490922E+01  0.72309673E+00 -0.37299478E+00
  0.13522370E+01  0.72192293E+00 -0.37352875E+00
  0.13553817E+01  0.72074741E+00 -0.37406060E+00
  0.13585265E+01  0.71957028E+00 -0.37459031E+00
  0.13616712E+01  0.71839148E+00 -0.37511787E+00
  0.13648158E+01  0.71721101E+00 -0.37564334E+00
  0.13679606E+01  0.71602887E+00 -0.37616661E+00
  0.13711053E+01  0.71484512E+00 -0.37668777E+00
  0.13742501E+01  0.71365970E+00 -0.37720677E+00
  0.13773948E+01  0.71247268E+00 -0.37772360E+00
  0.13805395E+01  0.71128404E+00 -0.37823832E+00
  0.13836843E+01  0.71009374E+00 -0.37875086E+00
  0.13868290E+01  0.70890188E+00 -0.37926126E+00
  0.13899738E+01  0.70770842E+00 -0.37976947E+00
  0.13931185E+01  0.70651335E+00 -0.38027552E+00
  0.13962632E+01  0.70531666E+00 -0.38077942E+00
  0.13994080E+01  0.70411843E+00 -0.38128114E+00
  0.14025527E+01  0.70291865E+00 -0.38178068E+00
  0.14056975E+01  0.70171726E+00 -0.38227808E+00
  0.14088422E+01  0.70051432E+00 -0.38277331E+00
  0.14119869E+01  0.69930983E+00 -0.38326633E+00
  0.14151317E+01  0.69810379E+00 -0.38375720E+00
  0.14182764E+01  0.69689620E+00 -0.38424584E+00
  0.14214212E+01  0.69568706E+00 -0.38473237E+00
  0.14245659E+01  0.69447643E+00 -0.38521668E+00
  0.14277105E+01  0.69326425E+00 -0.38569877E+00
  0.14308553E+01  0.69205058E+00 -0.38617867E+00
  0.14340000E+01  0.69083542E+00 -0.38665643E+00
  0.14371448E+01  0.68961871E+00 -0.38713196E+00
  0.14402895E+01  0.68840057E+00 -0.38760531E+00
  0.14434342E+01  0.68718088E+00 -0.38807642E+00
  0.14465790E+01  0.68595976E+00 -0.38854539E+00
  0.14497237E+01  0.68473715E+00 -0.38901213E+00
  0.14528685E+01  0.68351305E+00 -0.38947660E+00
  0.14560132E+01  0.68228751E+00 -0.38993898E+00
  0.14591579E+01  0.68106055E+00 -0.39039907E+00
  0.14623027E+01  0.67983216E+00 -0.39085695E+00
  0.14654474E+01  0.67860228E+00 -0.39131263E+00
  0.14685922E+01  0.67737097E+00 -0.39176607E+00
  0.14717369E+01  0.67613828E+00 -0.39221734E+00
  0.14748816E+01  0.67490417E+00 -0.39266637E+00
  0.14780264E+01  0.67366862E+00 -0.39311317E+00
  0.14811711E+01  0.67243171E+00 -0.39355773E+00
  0.14843159E+01  0.67119336E+00 -0.39400011E+00
  0.14874606E+01  0.66995364E+00 -0.39444023E+00
  0.14906052E+01  0.66871256E+00 -0.39487812E+00
  0.14937501E+01  0.66747004E+00 -0.39531377E+00
  0.14968948E+01  0.66622621E+00 -0.39574721E+00
  0.15000396E+01  0.66498101E+00 -0.39617836E+00
  0.15031843E+01  0.66373444E+00 -0.39660734E+00
  0.15063291E+01  0.66248655E+00 -0.39703405E+00
  0.15094738E+01  0.66123730E+00 -0.39745849E+00
  0.15126185E+01  0.65998673E+00 -0.39788073E+00
  0.15157633E+01  0.65873486E+00 -0.39830068E+00
  0.15189080E+01  0.65748167E+00 -0.39871839E+00
  0.15220528E+01  0.65622711E+00 -0.39913389E+00
  0.15251975E+01  0.65497130E+00 -0.39954710E+00
  0.15283422E+01  0.65371418E+00 -0.39995807E+00
  0.15314870E+01  0.65245581E+00 -0.40036678E+00
  0.15346317E+01  0.65119612E+00 -0.40077326E+00
  0.15377765E+01  0.64993513E+00 -0.40117744E+00
  0.15409211E+01  0.64867288E+00 -0.40157935E+00
  0.15440658E+01  0.64740944E+00 -0.40197903E+00
  0.15472106E+01  0.64614469E+00 -0.40237644E+00
  0.15503553E+01  0.64487869E+00 -0.40277162E+00
  0.15535001E+01  0.64361143E+00 -0.40316445E+00
  0.15566448E+01  0.64234298E+00 -0.40355507E+00
  0.15597895E+01  0.64107329E+00 -0.40394345E+00
  0.15629343E+01  0.63980240E+00 -0.40432951E+00
  0.15660790E+01  0.63853031E+00 -0.40471327E+00
  0.15692238E+01  0.63725698E+00 -0.40509477E+00
  0.15723685E+01  0.63598245E+00 -0.40547404E+00
  0.15755132E+01  0.63470674E+00 -0.40585101E+00
  0.15786580E+01  0.63342988E+00 -0.40622568E+00
  0.15818027E+01  0.63215184E+00 -0.40659806E+00
  0.15849475E+01  0.63087261E+00 -0.40696824E+00
  0.15880922E+01  0.62959218E+00 -0.40733603E+00
  0.15912369E+01  0.62831068E+00 -0.40770155E+00
  0.15943817E+01  0.62702799E+00 -0.40806481E+00
  0.15975264E+01  0.62574416E+00 -0.40842584E+00
  0.16006712E+01  0.62445921E+00 -0.40878445E+00
  0.16038158E+01  0.62317312E+00 -0.40914088E+00
  0.16069605E+01  0.62188590E+00 -0.40949500E+00
  0.16101053E+01  0.62059760E+00 -0.40984672E+00
  0.16132500E+01  0.61930823E+00 -0.41019624E+00
  0.16163948E+01  0.61801767E+00 -0.41054344E+00
  0.16195395E+01  0.61672610E+00 -0.41088840E+00
  0.16226842E+01  0.61543345E+00 -0.41123098E+00
  0.16258290E+01  0.61413968E+00 -0.41157129E+00
  0.16289737E+01  0.61284488E+00 -0.41190931E+00
  0.16321185E+01  0.61154902E+00 -0.41224501E+00
  0.16352632E+01  0.61025208E+00 -0.41257840E+00
  0.16384079E+01  0.60895407E+00 -0.41290948E+00
  0.16415527E+01  0.60765511E+00 -0.41323826E+00
  0.16446974E+01  0.60635507E+00 -0.41356471E+00
  0.16478422E+01  0.60505396E+00 -0.41388893E+00
  0.16509869E+01  0.60375190E+00 -0.41421074E+00
  0.16541317E+01  0.60244882E+00 -0.41453028E+00
  0.16572764E+01  0.60114473E+00 -0.41484752E+00
  0.16604211E+01  0.59983963E+00 -0.41516244E+00
  0.16635659E+01  0.59853357E+00 -0.41547501E+00
  0.16667105E+01  0.59722656E+00 -0.41578531E+00
  0.16698552E+01  0.59591854E+00 -0.41609326E+00
  0.16730000E+01  0.59460956E+00 -0.41639891E+00
  0.16761447E+01  0.59329957E+00 -0.41670224E+00
  0.16792895E+01  0.59198868E+00 -0.41700321E+00
  0.16824342E+01  0.59067684E+00 -0.41730192E+00
  0.16855789E+01  0.58936411E+00 -0.41759828E+00
  0.16887237E+01  0.58805043E+00 -0.41789228E+00
  0.16918684E+01  0.58673579E+00 -0.41818401E+00
  0.16950132E+01  0.58542025E+00 -0.41847339E+00
  0.16981579E+01  0.58410382E+00 -0.41876039E+00
  0.17013026E+01  0.58278644E+00 -0.41904515E+00
  0.17044474E+01  0.58146822E+00 -0.41932753E+00
  0.17075921E+01  0.58014911E+00 -0.41960761E+00
  0.17107369E+01  0.57882911E+00 -0.41988534E+00
  0.17138816E+01  0.57750827E+00 -0.42016074E+00
  0.17170264E+01  0.57618654E+00 -0.42043385E+00
  0.17201711E+01  0.57486397E+00 -0.42070454E+00
  0.17233158E+01  0.57354051E+00 -0.42097297E+00
  0.17264606E+01  0.57221627E+00 -0.42123905E+00
  0.17296054E+01  0.57089108E+00 -0.42150277E+00
  0.17327502E+01  0.56956518E+00 -0.42176417E+00
  0.17358949E+01  0.56823844E+00 -0.42202321E+00
  0.17390397E+01  0.56691086E+00 -0.42227992E+00
  0.17421844E+01  0.56558251E+00 -0.42253435E+00
  0.17453291E+01  0.56425333E+00 -0.42278638E+00
  0.17484739E+01  0.56292343E+00 -0.42303607E+00
  0.17516186E+01  0.56159270E+00 -0.42328346E+00
  0.17547634E+01  0.56026119E+00 -0.42352849E+00
  0.17579081E+01  0.55892891E+00 -0.42377114E+00
  0.17610528E+01  0.55759591E+00 -0.42401150E+00
  0.17641976E+01  0.55626208E+00 -0.42424947E+00
  0.17673422E+01  0.55492759E+00 -0.42448518E+00
  0.17704870E+01  0.55359232E+00 -0.42471841E+00
  0.17736317E+01  0.55225635E+00 -0.42494938E+00
  0.17767764E+01  0.55091959E+00 -0.42517802E+00
  0.17799212E+01  0.54958218E+00 -0.42540428E+00
  0.17830659E+01  0.54824406E+00 -0.42562819E+00
  0.17862107E+01  0.54690522E+00 -0.42584977E+00
  0.17893554E+01  0.54556566E+00 -0.42606902E+00
  0.17925001E+01  0.54422545E+00 -0.42628589E+00
  0.17956449E+01  0.54288459E+00 -0.42650041E+00
  0.17987896E+01  0.54154301E+00 -0.42671260E+00
  0.18019344E+01  0.54020077E+00 -0.42692244E+00
  0.18050791E+01  0.53885788E+00 -0.42712992E+00
  0.18082238E+01  0.53751439E+00 -0.42733505E+00
  0.18113686E+01  0.53617018E+00 -0.42753783E+00
  0.18145133E+01  0.53482538E+00 -0.42773828E+00
  0.18176581E+01  0.53347993E+00 -0.42793635E+00
  0.18208028E+01  0.53213388E+00 -0.42813206E+00
  0.18239475E+01  0.53078723E+00 -0.42832544E+00
  0.18270923E+01  0.52943993E+00 -0.42851645E+00
  0.18302369E+01  0.52809209E+00 -0.42870516E+00
  0.18333817E+01  0.52674365E+00 -0.42889148E+00
  0.18365264E+01  0.52539456E+00 -0.42907542E+00
  0.18396711E+01  0.52404499E+00 -0.42925704E+00
  0.18428159E+01  0.52269477E+00 -0.42943630E+00
  0.18459606E+01  0.52134407E+00 -0.42961323E+00
  0.18491054E+01  0.51999277E+00 -0.42978778E+00
  0.18522501E+01  0.51864094E+00 -0.42996001E+00
  0.18553948E+01  0.51728851E+00 -0.43012983E+00
  0.18585396E+01  0.51593560E+00 -0.43029732E+00
  0.18616843E+01  0.51458222E+00 -0.43046245E+00
  0.18648291E+01  0.51322824E+00 -0.43062523E+00
  0.18679738E+01  0.51187378E+00 -0.43078569E+00
  0.18711185E+01  0.51051885E+00 -0.43094376E+00
  0.18742633E+01  0.50916338E+00 -0.43109944E+00
  0.18774080E+01  0.50780743E+00 -0.43125287E+00
  0.18805528E+01  0.50645101E+00 -0.43140385E+00
  0.18836975E+01  0.50509417E+00 -0.43155250E+00
  0.18868423E+01  0.50373679E+00 -0.43169880E+00
  0.18899870E+01  0.50237900E+00 -0.43184274E+00
  0.18931316E+01  0.50102073E+00 -0.43198434E+00
  0.18962764E+01  0.49966204E+00 -0.43212360E+00
  0.18994211E+01  0.49830291E+00 -0.43226045E+00
  0.19025658E+01  0.49694335E+00 -0.43239501E+00
  0.19057106E+01  0.49558339E+00 -0.43252718E+00
  0.19088553E+01  0.49422300E+00 -0.43265700E+00
  0.19120001E+01  0.49286219E+00 -0.43278441E+00
  0.19151448E+01  0.49150100E+00 -0.43290955E+00
  0.19182895E+01  0.49013942E+00 -0.43303230E+00
  0.19214343E+01  0.48877746E+00 -0.43315277E+00
  0.19245790E+01  0.48741513E+00 -0.43327081E+00
  0.19277238E+01  0.48605242E+00 -0.43338645E+00
  0.19308685E+01  0.48468935E+00 -0.43349981E+00
  0.19340132E+01  0.48332593E+00 -0.43361083E+00
  0.19371580E+01  0.48196217E+00 -0.43371946E+00
  0.19403027E+01  0.48059809E+00 -0.43382576E+00
  0.19434475E+01  0.47923365E+00 -0.43392968E+00
  0.19465922E+01  0.47786888E+00 -0.43403128E+00
  0.19497370E+01  0.47650382E+00 -0.43413049E+00
  0.19528817E+01  0.47513846E+00 -0.43422738E+00
  0.19560263E+01  0.47377276E+00 -0.43432188E+00
  0.19591711E+01  0.47240680E+00 -0.43441409E+00
  0.19623158E+01  0.47104055E+00 -0.43450391E+00
  0.19654605E+01  0.46967399E+00 -0.43459141E+00
  0.19686053E+01  0.46830720E+00 -0.43467656E+00
  0.19717500E+01  0.46694010E+00 -0.43475935E+00
  0.19748948E+01  0.46557277E+00 -0.43483976E+00
  0.19780395E+01  0.46420521E+00 -0.43491787E+00
  0.19811842E+01  0.46283737E+00 -0.43499359E+00
  0.19843290E+01  0.46146932E+00 -0.43506700E+00
  0.19874737E+01  0.46010104E+00 -0.43513805E+00
  0.19906185E+01  0.45873255E+00 -0.43520677E+00
  0.19937632E+01  0.45736381E+00 -0.43527311E+00
  0.19969079E+01  0.45599490E+00 -0.43533713E+00
  0.20000527E+01  0.45462579E+00 -0.43539879E+00
  0.20031974E+01  0.45325649E+00 -0.43545812E+00
  0.20063422E+01  0.45188698E+00 -0.43551514E+00
  0.20094869E+01  0.45051733E+00 -0.43556973E+00
  0.20126317E+01  0.44914749E+00 -0.43562207E+00
  0.20157764E+01  0.44777748E+00 -0.43567201E+00
  0.20189211E+01  0.44640735E+00 -0.43571961E+00
  0.20220659E+01  0.44503704E+00 -0.43576491E+00
  0.20252106E+01  0.44366661E+00 -0.43580782E+00
  0.20283554E+01  0.44229606E+00 -0.43584847E+00
  0.20315001E+01  0.44092536E+00 -0.43588671E+00
  0.20346448E+01  0.43955454E+00 -0.43592265E+00
  0.20377896E+01  0.43818364E+00 -0.43595627E+00
  0.20409343E+01  0.43681261E+00 -0.43598750E+00
  0.20440791E+01  0.43544143E+00 -0.43601641E+00
  0.20472238E+01  0.43407023E+00 -0.43604302E+00
  0.20503685E+01  0.43269897E+00 -0.43606731E+00
  0.20535133E+01  0.43132761E+00 -0.43608925E+00
  0.20566580E+01  0.42995620E+00 -0.43610883E+00
  0.20598028E+01  0.42858469E+00 -0.43612611E+00
  0.20629475E+01  0.42721319E+00 -0.43614107E+00
  0.20660923E+01  0.42584163E+00 -0.43615362E+00
  0.20692370E+01  0.42447001E+00 -0.43616390E+00
  0.20723817E+01  0.42309839E+00 -0.43617192E+00
  0.20755265E+01  0.42172673E+00 -0.43617755E+00
  0.20786712E+01  0.42035505E+00 -0.43618083E+00
  0.20818160E+01  0.41898337E+00 -0.43618181E+00
  0.20849607E+01  0.41761172E+00 -0.43618047E+00
  0.20881054E+01  0.41624004E+00 -0.43617681E+00
  0.20912502E+01  0.41486838E+00 -0.43617085E+00
  0.20943949E+01  0.41349676E+00 -0.43616256E+00
  0.20975397E+01  0.41212517E+00 -0.43615195E+00
  0.21006844E+01  0.41075361E+00 -0.43613899E+00
  0.21038291E+01  0.40938208E+00 -0.43612373E+00
  0.21069739E+01  0.40801060E+00 -0.43610620E+00
  0.21101186E+01  0.40663919E+00 -0.43608627E+00
  0.21132634E+01  0.40526786E+00 -0.43606412E+00
  0.21164081E+01  0.40389660E+00 -0.43603957E+00
  0.21195529E+01  0.40252540E+00 -0.43601280E+00
  0.21226976E+01  0.40115431E+00 -0.43598369E+00
  0.21258423E+01  0.39978328E+00 -0.43595222E+00
  0.21289871E+01  0.39841241E+00 -0.43591848E+00
  0.21321318E+01  0.39704159E+00 -0.43588248E+00
  0.21352766E+01  0.39567092E+00 -0.43584406E+00
  0.21384213E+01  0.39430037E+00 -0.43580347E+00
  0.21415660E+01  0.39292997E+00 -0.43576047E+00
  0.21447108E+01  0.39155969E+00 -0.43571526E+00
  0.21478555E+01  0.39018953E+00 -0.43566766E+00
  0.21510000E+01  0.38881955E+00 -0.43561783E+00
  0.21541448E+01  0.38744974E+00 -0.43556568E+00
  0.21572895E+01  0.38608009E+00 -0.43551126E+00
  0.21604342E+01  0.38471061E+00 -0.43545449E+00
  0.21635790E+01  0.38334131E+00 -0.43539545E+00
  0.21667237E+01  0.38197219E+00 -0.43533418E+00
  0.21698685E+01  0.38060328E+00 -0.43527052E+00
  0.21730132E+01  0.37923458E+00 -0.43520463E+00
  0.21761580E+01  0.37786609E+00 -0.43513647E+00
  0.21793027E+01  0.37649781E+00 -0.43506595E+00
  0.21824474E+01  0.37512976E+00 -0.43499321E+00
  0.21855922E+01  0.37376192E+00 -0.43491817E+00
  0.21887369E+01  0.37239435E+00 -0.43484086E+00
  0.21918817E+01  0.37102702E+00 -0.43476126E+00
  0.21950264E+01  0.36965993E+00 -0.43467936E+00
  0.21981711E+01  0.36829311E+00 -0.43459520E+00
  0.22013159E+01  0.36692655E+00 -0.43450880E+00
  0.22044606E+01  0.36556029E+00 -0.43442008E+00
  0.22076054E+01  0.36419430E+00 -0.43432912E+00
  0.22107501E+01  0.36282858E+00 -0.43423590E+00
  0.22138948E+01  0.36146319E+00 -0.43414035E+00
  0.22170396E+01  0.36009806E+00 -0.43404257E+00
  0.22201843E+01  0.35873330E+00 -0.43394256E+00
  0.22233291E+01  0.35736880E+00 -0.43384025E+00
  0.22264738E+01  0.35600466E+00 -0.43373567E+00
  0.22296185E+01  0.35464084E+00 -0.43362886E+00
  0.22327633E+01  0.35327736E+00 -0.43351975E+00
  0.22359080E+01  0.35191423E+00 -0.43340838E+00
  0.22390528E+01  0.35055146E+00 -0.43329477E+00
  0.22421975E+01  0.34918904E+00 -0.43317893E+00
  0.22453423E+01  0.34782699E+00 -0.43306085E+00
  0.22484870E+01  0.34646532E+00 -0.43294048E+00
  0.22516317E+01  0.34510404E+00 -0.43281788E+00
  0.22547765E+01  0.34374315E+00 -0.43269303E+00
  0.22579212E+01  0.34238264E+00 -0.43256596E+00
  0.22610660E+01  0.34102252E+00 -0.43243662E+00
  0.22642107E+01  0.33966282E+00 -0.43230504E+00
  0.22673554E+01  0.33830357E+00 -0.43217123E+00
  0.22705002E+01  0.33694470E+00 -0.43203515E+00
  0.22736449E+01  0.33558628E+00 -0.43189687E+00
  0.22767894E+01  0.33422831E+00 -0.43175632E+00
  0.22799342E+01  0.33287078E+00 -0.43161356E+00
  0.22830789E+01  0.33151367E+00 -0.43146861E+00
  0.22862236E+01  0.33015707E+00 -0.43132138E+00
  0.22893684E+01  0.32880092E+00 -0.43117195E+00
  0.22925131E+01  0.32744521E+00 -0.43102029E+00
  0.22956579E+01  0.32609001E+00 -0.43086642E+00
  0.22988026E+01  0.32473531E+00 -0.43071032E+00
  0.23019474E+01  0.32338107E+00 -0.43055204E+00
  0.23050921E+01  0.32202736E+00 -0.43039149E+00
  0.23082368E+01  0.32067415E+00 -0.43022874E+00
  0.23113816E+01  0.31932145E+00 -0.43006375E+00
  0.23145263E+01  0.31796926E+00 -0.42989665E+00
  0.23176711E+01  0.31661764E+00 -0.42972726E+00
  0.23208158E+01  0.31526652E+00 -0.42955565E+00
  0.23239605E+01  0.31391597E+00 -0.42938191E+00
  0.23271053E+01  0.31256592E+00 -0.42920592E+00
  0.23302500E+01  0.31121647E+00 -0.42902774E+00
  0.23333948E+01  0.30986759E+00 -0.42884737E+00
  0.23365395E+01  0.30851924E+00 -0.42866483E+00
  0.23396842E+01  0.30717152E+00 -0.42848003E+00
  0.23428290E+01  0.30582434E+00 -0.42829311E+00
  0.23459737E+01  0.30447778E+00 -0.42810395E+00
  0.23491185E+01  0.30313179E+00 -0.42791262E+00
  0.23522632E+01  0.30178642E+00 -0.42771915E+00
  0.23554080E+01  0.30044168E+00 -0.42752346E+00
  0.23585529E+01  0.29909745E+00 -0.42732558E+00
  0.23616977E+01  0.29775396E+00 -0.42712551E+00
  0.23648424E+01  0.29641107E+00 -0.42692336E+00
  0.23679872E+01  0.29506883E+00 -0.42671895E+00
  0.23711319E+01  0.29372722E+00 -0.42651236E+00
  0.23742764E+01  0.29238629E+00 -0.42630365E+00
  0.23774211E+01  0.29104602E+00 -0.42609280E+00
  0.23805659E+01  0.28970641E+00 -0.42587975E+00
  0.23837106E+01  0.28836745E+00 -0.42566454E+00
  0.23868554E+01  0.28702921E+00 -0.42544720E+00
  0.23900001E+01  0.28569162E+00 -0.42522764E+00
  0.23931448E+01  0.28435475E+00 -0.42500597E+00
  0.23962896E+01  0.28301856E+00 -0.42478216E+00
  0.23994343E+01  0.28168309E+00 -0.42455620E+00
  0.24025791E+01  0.28034833E+00 -0.42432812E+00
  0.24057238E+01  0.27901429E+00 -0.42409781E+00
  0.24088686E+01  0.27768096E+00 -0.42386544E+00
  0.24120133E+01  0.27634841E+00 -0.42363089E+00
  0.24151580E+01  0.27501658E+00 -0.42339423E+00
  0.24183028E+01  0.27368549E+00 -0.42315543E+00
  0.24214475E+01  0.27235514E+00 -0.42291448E+00
  0.24245923E+01  0.27102557E+00 -0.42267144E+00
  0.24277370E+01  0.26969677E+00 -0.42242628E+00
  0.24308817E+01  0.26836872E+00 -0.42217895E+00
  0.24340265E+01  0.26704147E+00 -0.42192954E+00
  0.24371712E+01  0.26571503E+00 -0.42167801E+00
  0.24403160E+01  0.26438937E+00 -0.42142433E+00
  0.24434607E+01  0.26306450E+00 -0.42116857E+00
  0.24466054E+01  0.26174042E+00 -0.42091069E+00
  0.24497502E+01  0.26041719E+00 -0.42065069E+00
  0.24528949E+01  0.25909477E+00 -0.42038864E+00
  0.24560397E+01  0.25777316E+00 -0.42012447E+00
  0.24591844E+01  0.25645241E+00 -0.41985822E+00
  0.24623291E+01  0.25513250E+00 -0.41958979E+00
  0.24654739E+01  0.25381342E+00 -0.41931933E+00
  0.24686186E+01  0.25249520E+00 -0.41904679E+00
  0.24717634E+01  0.25117782E+00 -0.41877213E+00
  0.24749081E+01  0.24986133E+00 -0.41849539E+00
  0.24780529E+01  0.24854572E+00 -0.41821656E+00
  0.24811976E+01  0.24723098E+00 -0.41793570E+00
  0.24843423E+01  0.24591713E+00 -0.41765273E+00
  0.24874871E+01  0.24460417E+00 -0.41736770E+00
  0.24906318E+01  0.24329211E+00 -0.41708058E+00
  0.24937766E+01  0.24198096E+00 -0.41679141E+00
  0.24969213E+01  0.24067071E+00 -0.41650018E+00
  0.25000660E+01  0.23936139E+00 -0.41620687E+00
  0.25032105E+01  0.23805299E+00 -0.41591150E+00
  0.25063553E+01  0.23674552E+00 -0.41561407E+00
  0.25095000E+01  0.23543900E+00 -0.41531461E+00
  0.25126448E+01  0.23413342E+00 -0.41501310E+00
  0.25157895E+01  0.23282878E+00 -0.41470954E+00
  0.25189342E+01  0.23152511E+00 -0.41440392E+00
  0.25220790E+01  0.23022240E+00 -0.41409630E+00
  0.25252237E+01  0.22892067E+00 -0.41378659E+00
  0.25283685E+01  0.22761992E+00 -0.41347486E+00
  0.25315132E+01  0.22632013E+00 -0.41316110E+00
  0.25346580E+01  0.22502135E+00 -0.41284531E+00
  0.25378027E+01  0.22372356E+00 -0.41252747E+00
  0.25409474E+01  0.22242677E+00 -0.41220766E+00
  0.25440922E+01  0.22113100E+00 -0.41188583E+00
  0.25472369E+01  0.21983624E+00 -0.41156194E+00
  0.25503817E+01  0.21854249E+00 -0.41123608E+00
  0.25535264E+01  0.21724977E+00 -0.41090819E+00
  0.25566711E+01  0.21595809E+00 -0.41057828E+00
  0.25598159E+01  0.21466745E+00 -0.41024637E+00
  0.25629606E+01  0.21337786E+00 -0.40991247E+00
  0.25661054E+01  0.21208933E+00 -0.40957657E+00
  0.25692501E+01  0.21080184E+00 -0.40923870E+00
  0.25723948E+01  0.20951544E+00 -0.40889877E+00
  0.25755396E+01  0.20823009E+00 -0.40855691E+00
  0.25786843E+01  0.20694582E+00 -0.40821308E+00
  0.25818291E+01  0.20566265E+00 -0.40786722E+00
  0.25849738E+01  0.20438056E+00 -0.40751943E+00
  0.25881186E+01  0.20309956E+00 -0.40716961E+00
  0.25912633E+01  0.20181967E+00 -0.40681782E+00
  0.25944080E+01  0.20054090E+00 -0.40646413E+00
  0.25975528E+01  0.19926323E+00 -0.40610838E+00
  0.26006975E+01  0.19798669E+00 -0.40575072E+00
  0.26038423E+01  0.19671129E+00 -0.40539113E+00
  0.26069870E+01  0.19543700E+00 -0.40502957E+00
  0.26101317E+01  0.19416386E+00 -0.40466604E+00
  0.26132765E+01  0.19289187E+00 -0.40430054E+00
  0.26164212E+01  0.19162102E+00 -0.40393311E+00
  0.26195660E+01  0.19035134E+00 -0.40356377E+00
  0.26227107E+01  0.18908283E+00 -0.40319243E+00
  0.26258554E+01  0.18781547E+00 -0.40281919E+00
  0.26289999E+01  0.18654931E+00 -0.40244403E+00
  0.26321447E+01  0.18528432E+00 -0.40206692E+00
  0.26352894E+01  0.18402052E+00 -0.40168792E+00
  0.26384342E+01  0.18275791E+00 -0.40130696E+00
  0.26415789E+01  0.18149652E+00 -0.40092409E+00
  0.26447237E+01  0.18023632E+00 -0.40053931E+00
  0.26478684E+01  0.17897734E+00 -0.40015262E+00
  0.26510131E+01  0.17771958E+00 -0.39976400E+00
  0.26541579E+01  0.17646304E+00 -0.39937356E+00
  0.26573026E+01  0.17520772E+00 -0.39898112E+00
  0.26604474E+01  0.17395365E+00 -0.39858684E+00
  0.26635921E+01  0.17270082E+00 -0.39819065E+00
  0.26667368E+01  0.17144924E+00 -0.39779255E+00
  0.26698816E+01  0.17019892E+00 -0.39739260E+00
  0.26730266E+01  0.16894978E+00 -0.39699072E+00
  0.26761713E+01  0.16770199E+00 -0.39658698E+00
  0.26793160E+01  0.16645546E+00 -0.39618137E+00
  0.26824608E+01  0.16521022E+00 -0.39577389E+00
  0.26856055E+01  0.16396625E+00 -0.39536452E+00
  0.26887503E+01  0.16272359E+00 -0.39495337E+00
  0.26918950E+01  0.16148221E+00 -0.39454025E+00
  0.26950397E+01  0.16024214E+00 -0.39412534E+00
  0.26981845E+01  0.15900338E+00 -0.39370856E+00
  0.27013292E+01  0.15776592E+00 -0.39328989E+00
  0.27044740E+01  0.15652978E+00 -0.39286941E+00
  0.27076187E+01  0.15529498E+00 -0.39244708E+00
  0.27107635E+01  0.15406151E+00 -0.39202294E+00
  0.27139082E+01  0.15282936E+00 -0.39159691E+00
  0.27170529E+01  0.15159857E+00 -0.39116913E+00
  0.27201977E+01  0.15036912E+00 -0.39073944E+00
  0.27233424E+01  0.14914103E+00 -0.39030796E+00
  0.27264869E+01  0.14791429E+00 -0.38987467E+00
  0.27296317E+01  0.14668892E+00 -0.38943952E+00
  0.27327764E+01  0.14546493E+00 -0.38900259E+00
  0.27359211E+01  0.14424230E+00 -0.38856387E+00
  0.27390659E+01  0.14302106E+00 -0.38812330E+00
  0.27422106E+01  0.14180122E+00 -0.38768095E+00
  0.27453554E+01  0.14058276E+00 -0.38723680E+00
  0.27485001E+01  0.13936570E+00 -0.38679090E+00
  0.27516448E+01  0.13815005E+00 -0.38634315E+00
  0.27547896E+01  0.13693582E+00 -0.38589364E+00
  0.27579343E+01  0.13572299E+00 -0.38544232E+00
  0.27610791E+01  0.13451159E+00 -0.38498926E+00
  0.27642238E+01  0.13330162E+00 -0.38453439E+00
  0.27673686E+01  0.13209307E+00 -0.38407779E+00
  0.27705133E+01  0.13088597E+00 -0.38361943E+00
  0.27736580E+01  0.12968031E+00 -0.38315925E+00
  0.27768028E+01  0.12847610E+00 -0.38269734E+00
  0.27799475E+01  0.12727335E+00 -0.38223368E+00
  0.27830923E+01  0.12607205E+00 -0.38176829E+00
  0.27862370E+01  0.12487223E+00 -0.38130111E+00
  0.27893817E+01  0.12367387E+00 -0.38083217E+00
  0.27925265E+01  0.12247699E+00 -0.38036156E+00
  0.27956712E+01  0.12128160E+00 -0.37988919E+00
  0.27988160E+01  0.12008770E+00 -0.37941507E+00
  0.28019607E+01  0.11889528E+00 -0.37893921E+00
  0.28051054E+01  0.11770437E+00 -0.37846166E+00
  0.28082502E+01  0.11651496E+00 -0.37798238E+00
  0.28113949E+01  0.11532706E+00 -0.37750140E+00
  0.28145397E+01  0.11414067E+00 -0.37701872E+00
  0.28176844E+01  0.11295582E+00 -0.37653431E+00
  0.28208292E+01  0.11177248E+00 -0.37604818E+00
  0.28239739E+01  0.11059067E+00 -0.37556037E+00
  0.28271186E+01  0.10941041E+00 -0.37507087E+00
  0.28302634E+01  0.10823168E+00 -0.37457967E+00
  0.28334081E+01  0.10705449E+00 -0.37408680E+00
  0.28365529E+01  0.10587887E+00 -0.37359220E+00
  0.28396976E+01  0.10470480E+00 -0.37309596E+00
  0.28428423E+01  0.10353229E+00 -0.37259808E+00
  0.28459871E+01  0.10236136E+00 -0.37209848E+00
  0.28491318E+01  0.10119199E+00 -0.37159723E+00
  0.28522766E+01  0.10002421E+00 -0.37109432E+00
  0.28554211E+01  0.98858006E-01 -0.37058976E+00
  0.28585658E+01  0.97693399E-01 -0.37008354E+00
  0.28617105E+01  0.96530378E-01 -0.36957568E+00
  0.28648553E+01  0.95368959E-01 -0.36906615E+00
  0.28680000E+01  0.94209149E-01 -0.36855501E+00
  0.28711448E+01  0.93050949E-01 -0.36804223E+00
  0.28742895E+01  0.91894358E-01 -0.36752778E+00
  0.28774343E+01  0.90739392E-01 -0.36701176E+00
  0.28805790E+01  0.89586049E-01 -0.36649409E+00
  0.28837237E+01  0.88434339E-01 -0.36597478E+00
  0.28868685E+01  0.87284267E-01 -0.36545387E+00
  0.28900132E+01  0.86135827E-01 -0.36493137E+00
  0.28931580E+01  0.84989041E-01 -0.36440727E+00
  0.28963027E+01  0.83843902E-01 -0.36388153E+00
  0.28994474E+01  0.82700424E-01 -0.36335421E+00
  0.29025922E+01  0.81558600E-01 -0.36282530E+00
  0.29057369E+01  0.80418445E-01 -0.36229479E+00
  0.29088817E+01  0.79279959E-01 -0.36176270E+00
  0.29120264E+01  0.78143150E-01 -0.36122903E+00
  0.29151711E+01  0.77008016E-01 -0.36069384E+00
  0.29183159E+01  0.75874574E-01 -0.36015704E+00
  0.29214606E+01  0.74742824E-01 -0.35961863E+00
  0.29246054E+01  0.73612764E-01 -0.35907865E+00
  0.29277501E+01  0.72484411E-01 -0.35853717E+00
  0.29308949E+01  0.71357757E-01 -0.35799417E+00
  0.29340396E+01  0.70232816E-01 -0.35744953E+00
  0.29371843E+01  0.69109589E-01 -0.35690343E+00
  0.29403291E+01  0.67988083E-01 -0.35635573E+00
  0.29434738E+01  0.66868305E-01 -0.35580650E+00
  0.29466186E+01  0.65750249E-01 -0.35525575E+00
  0.29497633E+01  0.64633936E-01 -0.35470346E+00
  0.29529080E+01  0.63519351E-01 -0.35414970E+00
  0.29560528E+01  0.62406521E-01 -0.35359436E+00
  0.29591975E+01  0.61295435E-01 -0.35303751E+00
  0.29623423E+01  0.60186103E-01 -0.35247916E+00
  0.29654870E+01  0.59078529E-01 -0.35191932E+00
  0.29686317E+01  0.57972718E-01 -0.35135800E+00
  0.29717765E+01  0.56868672E-01 -0.35079515E+00
  0.29749212E+01  0.55766404E-01 -0.35023081E+00
  0.29780660E+01  0.54665908E-01 -0.34966502E+00
  0.29812105E+01  0.53567197E-01 -0.34909770E+00
  0.29843552E+01  0.52470271E-01 -0.34852892E+00
  0.29875002E+01  0.51375069E-01 -0.34795865E+00
  0.29906449E+01  0.50281730E-01 -0.34738693E+00
  0.29937897E+01  0.49190190E-01 -0.34681371E+00
  0.29969344E+01  0.48100457E-01 -0.34623912E+00
  0.30000792E+01  0.47012530E-01 -0.34566301E+00
  0.30032239E+01  0.45926418E-01 -0.34508550E+00
  0.30063686E+01  0.44842124E-01 -0.34450647E+00
  0.30095134E+01  0.43759655E-01 -0.34392607E+00
  0.30126581E+01  0.42679016E-01 -0.34334421E+00
  0.30158029E+01  0.41600205E-01 -0.34276092E+00
  0.30189476E+01  0.40523231E-01 -0.34217617E+00
  0.30220923E+01  0.39448097E-01 -0.34159002E+00
  0.30252371E+01  0.38374811E-01 -0.34100249E+00
  0.30283818E+01  0.37303373E-01 -0.34041348E+00
  0.30315266E+01  0.36233790E-01 -0.33982313E+00
  0.30346713E+01  0.35166066E-01 -0.33923134E+00
  0.30378160E+01  0.34100205E-01 -0.33863819E+00
  0.30409608E+01  0.33036213E-01 -0.33804360E+00
  0.30441055E+01  0.31974092E-01 -0.33744764E+00
  0.30472503E+01  0.30913847E-01 -0.33685029E+00
  0.30503950E+01  0.29855482E-01 -0.33625159E+00
  0.30535398E+01  0.28799003E-01 -0.33565149E+00
  0.30566845E+01  0.27744412E-01 -0.33505002E+00
  0.30598292E+01  0.26691716E-01 -0.33444718E+00
  0.30629740E+01  0.25640918E-01 -0.33384296E+00
  0.30661187E+01  0.24592021E-01 -0.33323744E+00
  0.30692635E+01  0.23545032E-01 -0.33263052E+00
  0.30724082E+01  0.22499952E-01 -0.33202225E+00
  0.30755529E+01  0.21456789E-01 -0.33141267E+00
  0.30786974E+01  0.20415543E-01 -0.33080176E+00
  0.30818422E+01  0.19376222E-01 -0.33018950E+00
  0.30849869E+01  0.18338827E-01 -0.32957593E+00
  0.30881317E+01  0.17303364E-01 -0.32896101E+00
  0.30912764E+01  0.16269837E-01 -0.32834476E+00
  0.30944211E+01  0.15238250E-01 -0.32772726E+00
  0.30975659E+01  0.14208606E-01 -0.32710838E+00
  0.31007106E+01  0.13180912E-01 -0.32648826E+00
  0.31038554E+01  0.12155170E-01 -0.32586682E+00
  0.31070001E+01  0.11131383E-01 -0.32524407E+00
  0.31101449E+01  0.10109557E-01 -0.32462004E+00
  0.31132896E+01  0.90896953E-02 -0.32399473E+00
  0.31164343E+01  0.80718026E-02 -0.32336813E+00
  0.31195791E+01  0.70558819E-02 -0.32274026E+00
  0.31227238E+01  0.60419380E-02 -0.32211113E+00
  0.31258686E+01  0.50299740E-02 -0.32148072E+00
  0.31290133E+01  0.40199943E-02 -0.32084909E+00
  0.31321580E+01  0.30120036E-02 -0.32021621E+00
  0.31353028E+01  0.20060048E-02 -0.31958205E+00
  0.31384475E+01  0.10020024E-02 -0.31894666E+00
  0.31415923E+01  0.00000000E+00 -0.31831002E+00
