  0.00000000E+00  0.10000000E+01  0.00000000E+00
  0.13821458E-01  0.99996817E+00 -0.46068225E-02
  0.27642915E-01  0.99987268E+00 -0.92121046E-02
  0.41464373E-01  0.99971354E+00 -0.13814199E-01
  0.55285830E-01  0.99949080E+00 -0.18411549E-01
  0.69107287E-01  0.99920464E+00 -0.23002574E-01
  0.82928747E-01  0.99885499E+00 -0.27585709E-01
  0.96750207E-01  0.99844211E+00 -0.32159388E-01
  0.11057166E+00  0.99796605E+00 -0.36722057E-01
  0.12439313E+00  0.99742705E+00 -0.41272171E-01
  0.13821457E+00  0.99682528E+00 -0.45808185E-01
  0.15203604E+00  0.99616086E+00 -0.50328597E-01
  0.16585749E+00  0.99543411E+00 -0.54831881E-01
  0.17967895E+00  0.99464524E+00 -0.59316546E-01
  0.19350041E+00  0.99379450E+00 -0.63781112E-01
  0.20732187E+00  0.99288225E+00 -0.68224110E-01
  0.22114332E+00  0.99190873E+00 -0.72644114E-01
  0.23496479E+00  0.99087423E+00 -0.77039696E-01
  0.24878626E+00  0.98977923E+00 -0.81409425E-01
  0.26260769E+00  0.98862398E+00 -0.85751936E-01
  0.27642915E+00  0.98740894E+00 -0.90065889E-01
  0.29025060E+00  0.98613441E+00 -0.94349921E-01
  0.30407208E+00  0.98480093E+00 -0.98602735E-01
  0.31789353E+00  0.98340893E+00 -0.10282302E+00
  0.33171499E+00  0.98195875E+00 -0.10700953E+00
  0.34553644E+00  0.98045099E+00 -0.11116105E+00
  0.35935789E+00  0.97888613E+00 -0.11527635E+00
  0.37317935E+00  0.97726458E+00 -0.11935427E+00
  0.38700083E+00  0.97558701E+00 -0.12339365E+00
  0.40082225E+00  0.97385383E+00 -0.12739339E+00
  0.41464373E+00  0.97206563E+00 -0.13135239E+00
  0.42846519E+00  0.97022307E+00 -0.13526963E+00
  0.44228664E+00  0.96832657E+00 -0.13914403E+00
  0.45610809E+00  0.96637690E+00 -0.14297464E+00
  0.46992958E+00  0.96437454E+00 -0.14676052E+00
  0.48375100E+00  0.96232021E+00 -0.15050071E+00
  0.49757251E+00  0.96021450E+00 -0.15419436E+00
  0.51139396E+00  0.95805806E+00 -0.15784058E+00
  0.52521539E+00  0.95585155E+00 -0.16143857E+00
  0.53903687E+00  0.95359564E+00 -0.16498755E+00
  0.55285829E+00  0.95129102E+00 -0.16848677E+00
  0.56667978E+00  0.94893837E+00 -0.17193553E+00
  0.58050120E+00  0.94653845E+00 -0.17533311E+00
  0.59432268E+00  0.94409192E+00 -0.17867891E+00
  0.60814416E+00  0.94159943E+00 -0.18197232E+00
  0.62196559E+00  0.93906188E+00 -0.18521273E+00
  0.63578707E+00  0.93647987E+00 -0.18839967E+00
  0.64960849E+00  0.93385416E+00 -0.19153258E+00
  0.66342998E+00  0.93118560E+00 -0.19461101E+00
  0.67725146E+00  0.92847478E+00 -0.19763456E+00
  0.69107288E+00  0.92572260E+00 -0.20060281E+00
  0.70489436E+00  0.92292976E+00 -0.20351540E+00
  0.71871579E+00  0.92009711E+00 -0.20637202E+00
  0.73253721E+00  0.91722530E+00 -0.20917235E+00
  0.74635869E+00  0.91431522E+00 -0.21191618E+00
  0.76018018E+00  0.91136760E+00 -0.21460323E+00
  0.77400166E+00  0.90838319E+00 -0.21723337E+00
  0.78782308E+00  0.90536284E+00 -0.21980639E+00
  0.80164450E+00  0.90230733E+00 -0.22232220E+00
  0.81546599E+00  0.89921743E+00 -0.22478069E+00
  0.82928747E+00  0.89609396E+00 -0.22718179E+00
  0.84310895E+00  0.89293772E+00 -0.22952549E+00
  0.85693038E+00  0.88974947E+00 -0.23181178E+00
  0.87075180E+00  0.88652998E+00 -0.23404066E+00
  0.88457328E+00  0.88328010E+00 -0.23621224E+00
  0.89839476E+00  0.88000059E+00 -0.23832658E+00
  0.91221619E+00  0.87669230E+00 -0.24038376E+00
  0.92603767E+00  0.87335593E+00 -0.24238399E+00
  0.93985915E+00  0.86999232E+00 -0.24432737E+00
  0.95368052E+00  0.86660224E+00 -0.24621414E+00
  0.96750200E+00  0.86318648E+00 -0.24804449E+00
  0.98132348E+00  0.85974580E+00 -0.24981868E+00
  0.99514502E+00  0.85628092E+00 -0.25153700E+00
  0.10089663E+01  0.85279280E+00 -0.25319967E+00
  0.10227879E+01  0.84928197E+00 -0.25480705E+00
  0.10366094E+01  0.84574938E+00 -0.25635949E+00
  0.10504308E+01  0.84219569E+00 -0.25785732E+00
  0.10642523E+01  0.83862162E+00 -0.25930092E+00
  0.10780737E+01  0.83502799E+00 -0.26069066E+00
  0.10918951E+01  0.83141559E+00 -0.26202700E+00
  0.11057166E+01  0.82778502E+00 -0.26331034E+00
  0.11195381E+01  0.82413709E+00 -0.26454115E+00
  0.11333596E+01  0.82047254E+00 -0.26571986E+00
  0.11471809E+01  0.81679201E+00 -0.26684701E+00
  0.11610024E+01  0.81309628E+00 -0.26792303E+00
  0.11748239E+01  0.80938601E+00 -0.26894850E+00
  0.11886454E+01  0.80566192E+00 -0.26992384E+00
  0.12024668E+01  0.80192471E+00 -0.27084970E+00
  0.12162883E+01  0.79817498E+00 -0.27172661E+00
  0.12301097E+01  0.79441357E+00 -0.27255508E+00
  0.12439312E+01  0.79064095E+00 -0.27333573E+00
  0.12577527E+01  0.78685790E+00 -0.27406913E+00
  0.12715741E+01  0.78306502E+00 -0.27475587E+00
  0.12853955E+01  0.77926296E+00 -0.27539653E+00
  0.12992170E+01  0.77545238E+00 -0.27599180E+00
  0.13130385E+01  0.77163386E+00 -0.27654216E+00
  0.13268600E+01  0.76780808E+00 -0.27704838E+00
  0.13406814E+01  0.76397562E+00 -0.27751103E+00
  0.13545029E+01  0.76013702E+00 -0.27793074E+00
  0.13683243E+01  0.75629294E+00 -0.27830812E+00
  0.13821458E+01  0.75244391E+00 -0.27864394E+00
  0.13959672E+01  0.74859047E+00 -0.27893871E+00
  0.14097887E+01  0.74473327E+00 -0.27919316E+00
  0.14236101E+01  0.74087286E+00 -0.27940798E+00
  0.14374316E+01  0.73700976E+00 -0.27958372E+00
  0.14512531E+01  0.73314446E+00 -0.27972117E+00
  0.14650744E+01  0.72927755E+00 -0.27982092E+00
  0.14788959E+01  0.72540951E+00 -0.27988365E+00
  0.14927174E+01  0.72154081E+00 -0.27991009E+00
  0.15065389E+01  0.71767205E+00 -0.27990079E+00
  0.15203604E+01  0.71380365E+00 -0.27985647E+00
  0.15341818E+01  0.70993608E+00 -0.27977782E+00
  0.15480033E+01  0.70606983E+00 -0.27966553E+00
  0.15618247E+01  0.70220536E+00 -0.27952021E+00
  0.15756462E+01  0.69834316E+00 -0.27934253E+00
  0.15894676E+01  0.69448358E+00 -0.27913320E+00
  0.16032890E+01  0.69062716E+00 -0.27889282E+00
  0.16171105E+01  0.68677419E+00 -0.27862203E+00
  0.16309320E+01  0.68292522E+00 -0.27832156E+00
  0.16447535E+01  0.67908067E+00 -0.27799201E+00
  0.16585749E+01  0.67524081E+00 -0.27763399E+00
  0.16723964E+01  0.67140609E+00 -0.27724823E+00
  0.16862179E+01  0.66757685E+00 -0.27683532E+00
  0.17000393E+01  0.66375357E+00 -0.27639586E+00
  0.17138608E+01  0.65993649E+00 -0.27593055E+00
  0.17276822E+01  0.65612602E+00 -0.27543995E+00
  0.17415036E+01  0.65232259E+00 -0.27492467E+00
  0.17553252E+01  0.64852631E+00 -0.27438536E+00
  0.17691466E+01  0.64473778E+00 -0.27382264E+00
  0.17829679E+01  0.64095712E+00 -0.27323708E+00
  0.17967895E+01  0.63718468E+00 -0.27262926E+00
  0.18106110E+01  0.63342083E+00 -0.27199981E+00
  0.18244324E+01  0.62966585E+00 -0.27134925E+00
  0.18382540E+01  0.62591994E+00 -0.27067822E+00
  0.18520753E+01  0.62218350E+00 -0.26998729E+00
  0.18658967E+01  0.61845672E+00 -0.26927695E+00
  0.18797183E+01  0.61473989E+00 -0.26854777E+00
  0.18935397E+01  0.61103326E+00 -0.26780039E+00
  0.19073610E+01  0.60733712E+00 -0.26703525E+00
  0.19211826E+01  0.60365158E+00 -0.26625293E+00
  0.19350040E+01  0.59997708E+00 -0.26545393E+00
  0.19488255E+01  0.59631371E+00 -0.26463881E+00
  0.19626470E+01  0.59266162E+00 -0.26380804E+00
  0.19764684E+01  0.58902121E+00 -0.26296213E+00
  0.19902900E+01  0.58539253E+00 -0.26210162E+00
  0.20041113E+01  0.58177590E+00 -0.26122692E+00
  0.20179327E+01  0.57817149E+00 -0.26033860E+00
  0.20317543E+01  0.57457936E+00 -0.25943702E+00
  0.20455759E+01  0.57099986E+00 -0.25852281E+00
  0.20593972E+01  0.56743306E+00 -0.25759628E+00
  0.20732188E+01  0.56387907E+00 -0.25665799E+00
  0.20870402E+01  0.56033820E+00 -0.25570828E+00
  0.21008615E+01  0.55681056E+00 -0.25474766E+00
  0.21146832E+01  0.55329615E+00 -0.25377652E+00
  0.21285045E+01  0.54979533E+00 -0.25279531E+00
  0.21423259E+01  0.54630816E+00 -0.25180444E+00
  0.21561475E+01  0.54283470E+00 -0.25080428E+00
  0.21699688E+01  0.53937513E+00 -0.24979529E+00
  0.21837902E+01  0.53592956E+00 -0.24877782E+00
  0.21976118E+01  0.53249812E+00 -0.24775225E+00
  0.22114332E+01  0.52908093E+00 -0.24671896E+00
  0.22252545E+01  0.52567804E+00 -0.24567835E+00
  0.22390761E+01  0.52228957E+00 -0.24463074E+00
  0.22528975E+01  0.51891565E+00 -0.24357651E+00
  0.22667191E+01  0.51555634E+00 -0.24251600E+00
  0.22805405E+01  0.51221174E+00 -0.24144955E+00
  0.22943618E+01  0.50888193E+00 -0.24037750E+00
  0.23081834E+01  0.50556690E+00 -0.23930016E+00
  0.23220048E+01  0.50226688E+00 -0.23821788E+00
  0.23358262E+01  0.49898183E+00 -0.23713093E+00
  0.23496478E+01  0.49571180E+00 -0.23603965E+00
  0.23634694E+01  0.49245691E+00 -0.23494431E+00
  0.23772907E+01  0.48921722E+00 -0.23384525E+00
  0.23911123E+01  0.48599267E+00 -0.23274268E+00
  0.24049337E+01  0.48278344E+00 -0.23163696E+00
  0.24187551E+01  0.47958952E+00 -0.23052832E+00
  0.24325767E+01  0.47641087E+00 -0.22941701E+00
  0.24463980E+01  0.47324765E+00 -0.22830334E+00
  0.24602194E+01  0.47009987E+00 -0.22718754E+00
  0.24740410E+01  0.46696743E+00 -0.22606984E+00
  0.24878623E+01  0.46385053E+00 -0.22495049E+00
  0.25016837E+01  0.46074912E+00 -0.22382976E+00
  0.25155053E+01  0.45766312E+00 -0.22270781E+00
  0.25293267E+01  0.45459270E+00 -0.22158493E+00
  0.25431483E+01  0.45153779E+00 -0.22046131E+00
  0.25569696E+01  0.44849843E+00 -0.21933717E+00
  0.25707910E+01  0.44547459E+00 -0.21821277E+00
  0.25846126E+01  0.44246629E+00 -0.21708818E+00
  0.25984340E+01  0.43947357E+00 -0.21596372E+00
  0.26122553E+01  0.43649638E+00 -0.21483952E+00
  0.26260769E+01  0.43353468E+00 -0.21371578E+00
  0.26398983E+01  0.43058854E+00 -0.21259269E+00
  0.26537199E+01  0.42765793E+00 -0.21147043E+00
  0.26675413E+01  0.42474279E+00 -0.21034916E+00
  0.26813629E+01  0.42184317E+00 -0.20922905E+00
  0.26951842E+01  0.41895902E+00 -0.20811026E+00
  0.27090058E+01  0.41609028E+00 -0.20699294E+00
  0.27228272E+01  0.41323704E+00 -0.20587726E+00
  0.27366486E+01  0.41039920E+00 -0.20476337E+00
  0.27504702E+01  0.40757668E+00 -0.20365137E+00
  0.27642915E+01  0.40476957E+00 -0.20254147E+00
  0.27781129E+01  0.40197778E+00 -0.20143376E+00
  0.27919345E+01  0.39920124E+00 -0.20032834E+00
  0.28057559E+01  0.39644003E+00 -0.19922541E+00
  0.28195775E+01  0.39369398E+00 -0.19812505E+00
  0.28333988E+01  0.39096317E+00 -0.19702739E+00
  0.28472202E+01  0.38824752E+00 -0.19593255E+00
  0.28610418E+01  0.38554692E+00 -0.19484061E+00
  0.28748631E+01  0.38286144E+00 -0.19375172E+00
  0.28886845E+01  0.38019100E+00 -0.19266596E+00
  0.29025061E+01  0.37753549E+00 -0.19158344E+00
  0.29163275E+01  0.37489498E+00 -0.19050425E+00
  0.29301488E+01  0.37226933E+00 -0.18942848E+00
  0.29439704E+01  0.36965850E+00 -0.18835622E+00
  0.29577918E+01  0.36706251E+00 -0.18728760E+00
  0.29716134E+01  0.36448127E+00 -0.18622263E+00
  0.29854348E+01  0.36191469E+00 -0.18516143E+00
  0.29992564E+01  0.35936278E+00 -0.18410411E+00
  0.30130777E+01  0.35682544E+00 -0.18305069E+00
  0.30268993E+01  0.35430261E+00 -0.18200125E+00
  0.30407207E+01  0.35179430E+00 -0.18095589E+00
  0.30545423E+01  0.34930038E+00 -0.17991464E+00
  0.30683637E+01  0.34682083E+00 -0.17887761E+00
  0.30821850E+01  0.34435561E+00 -0.17784478E+00
  0.30960066E+01  0.34190461E+00 -0.17681631E+00
  0.31098280E+01  0.33946779E+00 -0.17579219E+00
  0.31236494E+01  0.33704513E+00 -0.17477247E+00
  0.31374710E+01  0.33463648E+00 -0.17375724E+00
  0.31512923E+01  0.33224186E+00 -0.17274652E+00
  0.31651137E+01  0.32986119E+00 -0.17174038E+00
  0.31789353E+01  0.32749438E+00 -0.17073882E+00
  0.31927567E+01  0.32514140E+00 -0.16974194E+00
  0.32065780E+01  0.32280216E+00 -0.16874973E+00
  0.32203996E+01  0.32047656E+00 -0.16776225E+00
  0.32342210E+01  0.31816462E+00 -0.16677953E+00
  0.32480423E+01  0.31586623E+00 -0.16580160E+00
  0.32618639E+01  0.31358129E+00 -0.16482849E+00
  0.32756853E+01  0.31130978E+00 -0.16386026E+00
  0.32895069E+01  0.30905166E+00 -0.16289690E+00
  0.33033285E+01  0.30680677E+00 -0.16193844E+00
  0.33171499E+01  0.30457512E+00 -0.16098492E+00
  0.33309715E+01  0.30235657E+00 -0.16003637E+00
  0.33447928E+01  0.30015114E+00 -0.15909280E+00
  0.33586142E+01  0.29795873E+00 -0.15815422E+00
  0.33724358E+01  0.29577923E+00 -0.15722065E+00
  0.33862572E+01  0.29361260E+00 -0.15629210E+00
  0.34000785E+01  0.29145879E+00 -0.15536861E+00
  0.34139001E+01  0.28931767E+00 -0.15445015E+00
  0.34277215E+01  0.28718925E+00 -0.15353681E+00
  0.34415429E+01  0.28507340E+00 -0.15262851E+00
  0.34553645E+01  0.28297007E+00 -0.15172531E+00
  0.34691861E+01  0.28087917E+00 -0.15082721E+00
  0.34830072E+01  0.27880070E+00 -0.14993423E+00
  0.34968288E+01  0.27673450E+00 -0.14904635E+00
  0.35106504E+01  0.27468053E+00 -0.14816357E+00
  0.35244715E+01  0.27263877E+00 -0.14728592E+00
  0.35382931E+01  0.27060905E+00 -0.14641339E+00
  0.35521147E+01  0.26859137E+00 -0.14554596E+00
  0.35659359E+01  0.26658568E+00 -0.14468369E+00
  0.35797575E+01  0.26459184E+00 -0.14382650E+00
  0.35935791E+01  0.26260978E+00 -0.14297444E+00
  0.36074004E+01  0.26063955E+00 -0.14212753E+00
  0.36212220E+01  0.25868091E+00 -0.14128567E+00
  0.36350434E+01  0.25673389E+00 -0.14044894E+00
  0.36488647E+01  0.25479844E+00 -0.13961732E+00
  0.36626863E+01  0.25287440E+00 -0.13879079E+00
  0.36765079E+01  0.25096175E+00 -0.13796933E+00
  0.36903291E+01  0.24906048E+00 -0.13715295E+00
  0.37041507E+01  0.24717040E+00 -0.13634166E+00
  0.37179723E+01  0.24529150E+00 -0.13553539E+00
  0.37317934E+01  0.24342376E+00 -0.13473421E+00
  0.37456150E+01  0.24156700E+00 -0.13393803E+00
  0.37594366E+01  0.23972122E+00 -0.13314690E+00
  0.37732577E+01  0.23788638E+00 -0.13236079E+00
  0.37870793E+01  0.23606233E+00 -0.13157967E+00
  0.38009009E+01  0.23424904E+00 -0.13080351E+00
  0.38147221E+01  0.23244649E+00 -0.13003236E+00
  0.38285437E+01  0.23065452E+00 -0.12926616E+00
  0.38423653E+01  0.22887310E+00 -0.12850489E+00
  0.38561864E+01  0.22710222E+00 -0.12774856E+00
  0.38700080E+01  0.22534171E+00 -0.12699713E+00
  0.38838296E+01  0.22359155E+00 -0.12625058E+00
  0.38976510E+01  0.22185174E+00 -0.12550895E+00
  0.39114726E+01  0.22012207E+00 -0.12477213E+00
  0.39252939E+01  0.21840256E+00 -0.12404017E+00
  0.39391153E+01  0.21669321E+00 -0.12331305E+00
  0.39529369E+01  0.21499379E+00 -0.12259071E+00
  0.39667585E+01  0.21330434E+00 -0.12187316E+00
  0.39805801E+01  0.21162477E+00 -0.12116038E+00
  0.39944012E+01  0.20995507E+00 -0.12045235E+00
  0.40082226E+01  0.20829508E+00 -0.11974904E+00
  0.40220442E+01  0.20664477E+00 -0.11905042E+00
  0.40358653E+01  0.20500414E+00 -0.11835651E+00
  0.40496869E+01  0.20337301E+00 -0.11766725E+00
  0.40635085E+01  0.20175138E+00 -0.11698262E+00
  0.40773301E+01  0.20013922E+00 -0.11630262E+00
  0.40911517E+01  0.19853640E+00 -0.11562723E+00
  0.41049728E+01  0.19694287E+00 -0.11495639E+00
  0.41187944E+01  0.19535862E+00 -0.11429014E+00
  0.41326160E+01  0.19378352E+00 -0.11362839E+00
  0.41464376E+01  0.19221751E+00 -0.11297114E+00
  0.41602588E+01  0.19066063E+00 -0.11231840E+00
  0.41740804E+01  0.18911268E+00 -0.11167011E+00
  0.41879020E+01  0.18757366E+00 -0.11102626E+00
  0.42017231E+01  0.18604355E+00 -0.11038684E+00
  0.42155447E+01  0.18452220E+00 -0.10975179E+00
  0.42293663E+01  0.18300961E+00 -0.10912112E+00
  0.42431874E+01  0.18150574E+00 -0.10849480E+00
  0.42570090E+01  0.18001045E+00 -0.10787278E+00
  0.42708306E+01  0.17852373E+00 -0.10725506E+00
  0.42846518E+01  0.17704558E+00 -0.10664163E+00
  0.42984734E+01  0.17557582E+00 -0.10603242E+00
  0.43122950E+01  0.17411445E+00 -0.10542746E+00
  0.43261161E+01  0.17266147E+00 -0.10482668E+00
  0.43399377E+01  0.17121670E+00 -0.10423009E+00
  0.43537593E+01  0.16978016E+00 -0.10363764E+00
  0.43675804E+01  0.16835183E+00 -0.10304932E+00
  0.43814020E+01  0.16693154E+00 -0.10246510E+00
  0.43952236E+01  0.16551931E+00 -0.10188495E+00
  0.44090447E+01  0.16411512E+00 -0.10130887E+00
  0.44228663E+01  0.16271880E+00 -0.10073679E+00
  0.44366879E+01  0.16133039E+00 -0.10016872E+00
  0.44505091E+01  0.15994982E+00 -0.99604644E-01
  0.44643307E+01  0.15857700E+00 -0.99044494E-01
  0.44781523E+01  0.15721187E+00 -0.98488294E-01
  0.44919734E+01  0.15585445E+00 -0.97935982E-01
  0.45057950E+01  0.15450460E+00 -0.97387560E-01
  0.45196166E+01  0.15316230E+00 -0.96842982E-01
  0.45334382E+01  0.15182751E+00 -0.96302234E-01
  0.45472593E+01  0.15050021E+00 -0.95765293E-01
  0.45610809E+01  0.14918025E+00 -0.95232137E-01
  0.45749025E+01  0.14786763E+00 -0.94702713E-01
  0.45887237E+01  0.14656237E+00 -0.94177045E-01
  0.46025453E+01  0.14526428E+00 -0.93655065E-01
  0.46163669E+01  0.14397340E+00 -0.93136765E-01
  0.46301880E+01  0.14268969E+00 -0.92622139E-01
  0.46440096E+01  0.14141302E+00 -0.92111126E-01
  0.46578312E+01  0.14014339E+00 -0.91603719E-01
  0.46716523E+01  0.13888080E+00 -0.91099925E-01
  0.46854739E+01  0.13762510E+00 -0.90599656E-01
  0.46992955E+01  0.13637629E+00 -0.90102918E-01
  0.47131171E+01  0.13513437E+00 -0.89609720E-01
  0.47269387E+01  0.13389920E+00 -0.89119986E-01
  0.47407603E+01  0.13267078E+00 -0.88633716E-01
  0.47545815E+01  0.13144907E+00 -0.88150904E-01
  0.47684031E+01  0.13023399E+00 -0.87671481E-01
  0.47822247E+01  0.12902552E+00 -0.87195456E-01
  0.47960458E+01  0.12782364E+00 -0.86722806E-01
  0.48098674E+01  0.12662822E+00 -0.86253494E-01
  0.48236890E+01  0.12543927E+00 -0.85787490E-01
  0.48375101E+01  0.12425678E+00 -0.85324809E-01
  0.48513317E+01  0.12308063E+00 -0.84865376E-01
  0.48651533E+01  0.12191080E+00 -0.84409185E-01
  0.48789744E+01  0.12074728E+00 -0.83956249E-01
  0.48927960E+01  0.11958998E+00 -0.83506502E-01
  0.49066176E+01  0.11843886E+00 -0.83059929E-01
  0.49204388E+01  0.11729393E+00 -0.82616530E-01
  0.49342604E+01  0.11615508E+00 -0.82176253E-01
  0.49480820E+01  0.11502229E+00 -0.81739083E-01
  0.49619031E+01  0.11389555E+00 -0.81305020E-01
  0.49757247E+01  0.11277476E+00 -0.80874018E-01
  0.49895463E+01  0.11165990E+00 -0.80446050E-01
  0.50033674E+01  0.11055097E+00 -0.80021121E-01
  0.50171890E+01  0.10944786E+00 -0.79599172E-01
  0.50310106E+01  0.10835057E+00 -0.79180211E-01
  0.50448322E+01  0.10725904E+00 -0.78764208E-01
  0.50586534E+01  0.10617327E+00 -0.78351140E-01
  0.50724750E+01  0.10509316E+00 -0.77940986E-01
  0.50862966E+01  0.10401870E+00 -0.77533714E-01
  0.51001177E+01  0.10294988E+00 -0.77129327E-01
  0.51139393E+01  0.10188660E+00 -0.76727778E-01
  0.51277609E+01  0.10082885E+00 -0.76329052E-01
  0.51415820E+01  0.99776626E-01 -0.75933151E-01
  0.51554036E+01  0.98729819E-01 -0.75540014E-01
  0.51692252E+01  0.97688429E-01 -0.75149648E-01
  0.51830463E+01  0.96652441E-01 -0.74762039E-01
  0.51968679E+01  0.95621765E-01 -0.74377142E-01
  0.52106895E+01  0.94596393E-01 -0.73994942E-01
  0.52245107E+01  0.93576312E-01 -0.73615432E-01
  0.52383323E+01  0.92561431E-01 -0.73238589E-01
  0.52521539E+01  0.91551736E-01 -0.72864376E-01
  0.52659750E+01  0.90547226E-01 -0.72492801E-01
  0.52797966E+01  0.89547805E-01 -0.72123811E-01
  0.52936182E+01  0.88553466E-01 -0.71757406E-01
  0.53074398E+01  0.87564208E-01 -0.71393572E-01
  0.53212609E+01  0.86579926E-01 -0.71032271E-01
  0.53350825E+01  0.85600622E-01 -0.70673503E-01
  0.53489041E+01  0.84626287E-01 -0.70317239E-01
  0.53627257E+01  0.83656833E-01 -0.69963448E-01
  0.53765473E+01  0.82692251E-01 -0.69612131E-01
  0.53903685E+01  0.81732534E-01 -0.69263272E-01
  0.54041901E+01  0.80777593E-01 -0.68916827E-01
  0.54180117E+01  0.79827428E-01 -0.68572789E-01
  0.54318328E+01  0.78882024E-01 -0.68231158E-01
  0.54456544E+01  0.77941298E-01 -0.67891881E-01
  0.54594760E+01  0.77005252E-01 -0.67554966E-01
  0.54732971E+01  0.76073870E-01 -0.67220397E-01
  0.54871187E+01  0.75147070E-01 -0.66888139E-01
  0.55009403E+01  0.74224845E-01 -0.66558182E-01
  0.55147614E+01  0.73307194E-01 -0.66230506E-01
  0.55285830E+01  0.72394028E-01 -0.65905102E-01
  0.55424047E+01  0.71485341E-01 -0.65581933E-01
  0.55562258E+01  0.70581138E-01 -0.65260999E-01
  0.55700474E+01  0.69681324E-01 -0.64942278E-01
  0.55838690E+01  0.68785898E-01 -0.64625755E-01
  0.55976906E+01  0.67894839E-01 -0.64311400E-01
  0.56115117E+01  0.67008130E-01 -0.63999221E-01
  0.56253333E+01  0.66125698E-01 -0.63689180E-01
  0.56391549E+01  0.65247536E-01 -0.63381262E-01
  0.56529760E+01  0.64373642E-01 -0.63075468E-01
  0.56667976E+01  0.63503936E-01 -0.62771752E-01
  0.56806192E+01  0.62638409E-01 -0.62470119E-01
  0.56944404E+01  0.61777066E-01 -0.62170558E-01
  0.57082620E+01  0.60919821E-01 -0.61873037E-01
  0.57220836E+01  0.60066678E-01 -0.61577544E-01
  0.57359047E+01  0.59217624E-01 -0.61284069E-01
  0.57497263E+01  0.58372594E-01 -0.60992584E-01
  0.57635479E+01  0.57531577E-01 -0.60703084E-01
  0.57773690E+01  0.56694571E-01 -0.60415559E-01
  0.57911906E+01  0.55861503E-01 -0.60129981E-01
  0.58050122E+01  0.55032365E-01 -0.59846334E-01
  0.58188334E+01  0.54207161E-01 -0.59564617E-01
  0.58326550E+01  0.53385817E-01 -0.59284799E-01
  0.58464766E+01  0.52568324E-01 -0.59006870E-01
  0.58602977E+01  0.51754683E-01 -0.58730822E-01
  0.58741193E+01  0.50944820E-01 -0.58456630E-01
  0.58879409E+01  0.50138734E-01 -0.58184285E-01
  0.59017620E+01  0.49336426E-01 -0.57913776E-01
  0.59155836E+01  0.48537817E-01 -0.57645079E-01
  0.59294052E+01  0.47742914E-01 -0.57378188E-01
  0.59432268E+01  0.46951707E-01 -0.57113089E-01
  0.59570484E+01  0.46164129E-01 -0.56849759E-01
  0.59708695E+01  0.45380183E-01 -0.56588192E-01
  0.59846911E+01  0.44599857E-01 -0.56328375E-01
  0.59985127E+01  0.43823089E-01 -0.56070283E-01
  0.60123343E+01  0.43049879E-01 -0.55813909E-01
  0.60261555E+01  0.42280219E-01 -0.55559251E-01
  0.60399771E+01  0.41514050E-01 -0.55306274E-01
  0.60537987E+01  0.40751360E-01 -0.55054978E-01
  0.60676198E+01  0.39992161E-01 -0.54805361E-01
  0.60814414E+01  0.39236374E-01 -0.54557379E-01
  0.60952630E+01  0.38484003E-01 -0.54311037E-01
  0.61090846E+01  0.37735026E-01 -0.54066326E-01
  0.61229057E+01  0.36989443E-01 -0.53823229E-01
  0.61367273E+01  0.36247186E-01 -0.53581726E-01
  0.61505489E+01  0.35508256E-01 -0.53341821E-01
  0.61643701E+01  0.34772653E-01 -0.53103484E-01
  0.61781917E+01  0.34040313E-01 -0.52866712E-01
  0.61920133E+01  0.33311233E-01 -0.52631486E-01
  0.62058344E+01  0.32585416E-01 -0.52397802E-01
  0.62196560E+01  0.31862795E-01 -0.52165642E-01
  0.62334776E+01  0.31143375E-01 -0.51934995E-01
  0.62472987E+01  0.30427154E-01 -0.51705856E-01
  0.62611203E+01  0.29714067E-01 -0.51478192E-01
  0.62749419E+01  0.29004117E-01 -0.51252015E-01
  0.62887630E+01  0.28297303E-01 -0.51027305E-01
  0.63025846E+01  0.27593566E-01 -0.50804045E-01
  0.63164062E+01  0.26892902E-01 -0.50582226E-01
  0.63302274E+01  0.26195318E-01 -0.50361846E-01
  0.63440490E+01  0.25500748E-01 -0.50142881E-01
  0.63578706E+01  0.24809195E-01 -0.49925316E-01
  0.63716917E+01  0.24120659E-01 -0.49709164E-01
  0.63855133E+01  0.23435080E-01 -0.49494389E-01
  0.63993349E+01  0.22752462E-01 -0.49280986E-01
  0.64131560E+01  0.22072803E-01 -0.49068954E-01
  0.64269776E+01  0.21396047E-01 -0.48858274E-01
  0.64407992E+01  0.20722192E-01 -0.48648935E-01
  0.64546204E+01  0.20051241E-01 -0.48440930E-01
  0.64684420E+01  0.19383136E-01 -0.48234243E-01
  0.64822636E+01  0.18717879E-01 -0.48028864E-01
  0.64960847E+01  0.18055471E-01 -0.47824789E-01
  0.65099063E+01  0.17395856E-01 -0.47621999E-01
  0.65237279E+01  0.16739035E-01 -0.47420494E-01
  0.65375490E+01  0.16085008E-01 -0.47220256E-01
  0.65513706E+01  0.15433722E-01 -0.47021277E-01
  0.65651922E+01  0.14785178E-01 -0.46823546E-01
  0.65790138E+01  0.14139377E-01 -0.46627063E-01
  0.65928354E+01  0.13496264E-01 -0.46431802E-01
  0.66066570E+01  0.12855841E-01 -0.46237756E-01
  0.66204782E+01  0.12218111E-01 -0.46044927E-01
  0.66342998E+01  0.11583019E-01 -0.45853294E-01
  0.66481214E+01  0.10950567E-01 -0.45662850E-01
  0.66619430E+01  0.10320740E-01 -0.45473590E-01
  0.66757641E+01  0.96935397E-02 -0.45285508E-01
  0.66895857E+01  0.90689119E-02 -0.45098577E-01
  0.67034073E+01  0.84468592E-02 -0.44912800E-01
  0.67172284E+01  0.78273853E-02 -0.44728175E-01
  0.67310500E+01  0.72104367E-02 -0.44544682E-01
  0.67448716E+01  0.65960167E-02 -0.44362307E-01
  0.67586927E+01  0.59841280E-02 -0.44181064E-01
  0.67725143E+01  0.53747185E-02 -0.44000916E-01
  0.67863359E+01  0.47677914E-02 -0.43821868E-01
  0.68001571E+01  0.41633490E-02 -0.43643910E-01
  0.68139787E+01  0.35613412E-02 -0.43467034E-01
  0.68278003E+01  0.29617709E-02 -0.43291233E-01
  0.68416214E+01  0.23646406E-02 -0.43116499E-01
  0.68554430E+01  0.17699004E-02 -0.42942815E-01
  0.68692646E+01  0.11775536E-02 -0.42770177E-01
  0.68830857E+01  0.58760331E-03 -0.42598587E-01
  0.68969073E+01  0.00000000E+00 -0.42428020E-01
